8.007500000000000284e+01 -9.084999999999999432e+01
8.007504882812500568e+01 -8.839900000000000091e+01
8.007509765624999432e+01 -8.715200000000000102e+01
8.007514648437499716e+01 -8.703199999999999648e+01
8.007519531250000000e+01 -8.767499999999999716e+01
8.007524414062500284e+01 -8.728900000000000148e+01
8.007529296875000568e+01 -8.712099999999999511e+01
8.007534179687499432e+01 -8.676099999999999568e+01
8.007539062499999716e+01 -8.724399999999999977e+01
8.007543945312500000e+01 -8.738500000000000512e+01
8.007548828125000284e+01 -8.744499999999999318e+01
8.007553710937500568e+01 -8.813599999999999568e+01
8.007558593749999432e+01 -8.770300000000000296e+01
8.007563476562499716e+01 -8.666500000000000625e+01
8.007568359375000000e+01 -8.751300000000000523e+01
8.007573242187500284e+01 -8.763299999999999557e+01
8.007578125000000568e+01 -8.798000000000000398e+01
8.007583007812499432e+01 -8.756000000000000227e+01
8.007587890624999716e+01 -8.730599999999999739e+01
8.007592773437500000e+01 -8.766299999999999670e+01
8.007597656250000284e+01 -8.742400000000000659e+01
8.007602539062500568e+01 -8.717600000000000193e+01
8.007607421874999432e+01 -8.669199999999999307e+01
8.007612304687499716e+01 -8.722299999999999898e+01
8.007617187500000000e+01 -8.765500000000000114e+01
8.007622070312500284e+01 -8.786100000000000421e+01
8.007626953125000568e+01 -8.719499999999999318e+01
8.007631835937499432e+01 -8.769199999999999307e+01
8.007636718749999716e+01 -8.713700000000000045e+01
8.007641601562500000e+01 -8.749800000000000466e+01
8.007646484375000284e+01 -8.768999999999999773e+01
8.007651367187500568e+01 -8.754099999999999682e+01
8.007656249999999432e+01 -8.744400000000000261e+01
8.007661132812499716e+01 -8.751500000000000057e+01
8.007666015625000000e+01 -8.785099999999999909e+01
8.007670898437500284e+01 -8.744799999999999329e+01
8.007675781250000568e+01 -8.780899999999999750e+01
8.007680664062499432e+01 -8.845099999999999341e+01
8.007685546874999716e+01 -8.747400000000000375e+01
8.007690429687500000e+01 -8.712399999999999523e+01
8.007695312500000284e+01 -8.792000000000000171e+01
8.007700195312500568e+01 -8.729399999999999693e+01
8.007705078124999432e+01 -8.786100000000000421e+01
8.007709960937499716e+01 -8.727299999999999613e+01
8.007714843750000000e+01 -8.687199999999999989e+01
8.007719726562500284e+01 -8.662399999999999523e+01
8.007724609375000568e+01 -8.626200000000000045e+01
8.007729492187499432e+01 -8.745300000000000296e+01
8.007734374999999716e+01 -8.834799999999999898e+01
8.007739257812500000e+01 -8.718899999999999295e+01
8.007744140625000284e+01 -8.798399999999999466e+01
8.007749023437500568e+01 -8.686700000000000443e+01
8.007753906249999432e+01 -8.758400000000000318e+01
8.007758789062499716e+01 -8.789700000000000557e+01
8.007763671875000000e+01 -8.775900000000000034e+01
8.007768554687500284e+01 -8.803000000000000114e+01
8.007773437500000568e+01 -8.721599999999999397e+01
8.007778320312499432e+01 -8.834900000000000375e+01
8.007783203124999716e+01 -8.735800000000000409e+01
8.007788085937500000e+01 -8.715800000000000125e+01
8.007792968750000284e+01 -8.719100000000000250e+01
8.007797851562500568e+01 -8.718300000000000693e+01
8.007802734374999432e+01 -8.738400000000000034e+01
8.007807617187499716e+01 -8.767199999999999704e+01
8.007812500000000000e+01 -8.533599999999999852e+01
8.007817382812500284e+01 -8.714700000000000557e+01
8.007822265625000568e+01 -8.550000000000000000e+01
8.007827148437499432e+01 -8.751999999999999602e+01
8.007832031249999716e+01 -8.846899999999999409e+01
8.007836914062500000e+01 -8.776399999999999579e+01
8.007841796875000284e+01 -8.718600000000000705e+01
8.007846679687500568e+01 -8.766800000000000637e+01
8.007851562499999432e+01 -8.772799999999999443e+01
8.007856445312499716e+01 -8.775400000000000489e+01
8.007861328125000000e+01 -8.715500000000000114e+01
8.007866210937500284e+01 -8.774599999999999511e+01
8.007871093750000568e+01 -8.797199999999999420e+01
8.007875976562499432e+01 -8.767100000000000648e+01
8.007880859374999716e+01 -8.650300000000000011e+01
8.007885742187500000e+01 -8.726500000000000057e+01
8.007890625000000284e+01 -8.856699999999999307e+01
8.007895507812500568e+01 -8.729500000000000171e+01
8.007900390624999432e+01 -8.745199999999999818e+01
8.007905273437499716e+01 -8.828100000000000591e+01
8.007910156250000000e+01 -8.756999999999999318e+01
8.007915039062500284e+01 -8.769799999999999329e+01
8.007919921875000568e+01 -8.714400000000000546e+01
8.007924804687499432e+01 -8.691700000000000159e+01
8.007929687499999716e+01 -8.700700000000000500e+01
8.007934570312500000e+01 -8.731000000000000227e+01
8.007939453125000284e+01 -8.805899999999999750e+01
8.007944335937500568e+01 -8.852200000000000557e+01
8.007949218749999432e+01 -8.731699999999999307e+01
8.007954101562499716e+01 -8.804099999999999682e+01
8.007958984375000000e+01 -8.691200000000000614e+01
8.007963867187500284e+01 -8.684399999999999409e+01
8.007968750000000568e+01 -8.721699999999999875e+01
8.007973632812499432e+01 -8.768800000000000239e+01
8.007978515624999716e+01 -8.651900000000000546e+01
8.007983398437500000e+01 -8.791500000000000625e+01
8.007988281250000284e+01 -8.780800000000000693e+01
8.007993164062500568e+01 -8.671999999999999886e+01
8.007998046874999432e+01 -8.744700000000000273e+01
8.008002929687499716e+01 -8.722499999999999432e+01
8.008007812500000000e+01 -8.631300000000000239e+01
8.008012695312500284e+01 -8.796299999999999386e+01
8.008017578125000568e+01 -8.850100000000000477e+01
8.008022460937499432e+01 -8.736299999999999955e+01
8.008027343749999716e+01 -8.815300000000000580e+01
8.008032226562500000e+01 -8.868600000000000705e+01
8.008037109375000284e+01 -8.725300000000000011e+01
8.008041992187500568e+01 -8.818800000000000239e+01
8.008046874999999432e+01 -8.877100000000000080e+01
8.008051757812499716e+01 -8.746500000000000341e+01
8.008056640625000000e+01 -8.737399999999999523e+01
8.008061523437500284e+01 -8.771099999999999852e+01
8.008066406250000568e+01 -8.575000000000000000e+01
8.008071289062499432e+01 -8.689600000000000080e+01
8.008076171874999716e+01 -8.715500000000000114e+01
8.008081054687500000e+01 -8.643699999999999761e+01
8.008085937500000284e+01 -8.671099999999999852e+01
8.008090820312500568e+01 -8.644199999999999307e+01
8.008095703124999432e+01 -8.745900000000000318e+01
8.008100585937499716e+01 -8.818300000000000693e+01
8.008105468750000000e+01 -8.738299999999999557e+01
8.008110351562500284e+01 -8.746599999999999397e+01
8.008115234375000568e+01 -8.730899999999999750e+01
8.008120117187499432e+01 -8.744299999999999784e+01
8.008124999999999716e+01 -8.723300000000000409e+01
8.008129882812500000e+01 -8.688700000000000045e+01
8.008134765625000284e+01 -8.830100000000000193e+01
8.008139648437500568e+01 -8.698600000000000421e+01
8.008144531249999432e+01 -8.729900000000000659e+01
8.008149414062499716e+01 -8.638500000000000512e+01
8.008154296875000000e+01 -8.689300000000000068e+01
8.008159179687500284e+01 -8.770099999999999341e+01
8.008164062500000568e+01 -8.748699999999999477e+01
8.008168945312499432e+01 -8.878100000000000591e+01
8.008173828124999716e+01 -8.699800000000000466e+01
8.008178710937500000e+01 -8.650300000000000011e+01
8.008183593750000284e+01 -8.772199999999999420e+01
8.008188476562500568e+01 -8.708299999999999841e+01
8.008193359374999432e+01 -8.761100000000000421e+01
8.008198242187499716e+01 -8.797400000000000375e+01
8.008203125000000000e+01 -8.717600000000000193e+01
8.008208007812500284e+01 -8.665099999999999625e+01
8.008212890625000568e+01 -8.575000000000000000e+01
8.008217773437499432e+01 -8.851900000000000546e+01
8.008222656249999716e+01 -8.886899999999999977e+01
8.008227539062500000e+01 -8.844400000000000261e+01
8.008232421875000284e+01 -8.835500000000000398e+01
8.008237304687500568e+01 -8.733499999999999375e+01
8.008242187499999432e+01 -8.739900000000000091e+01
8.008247070312499716e+01 -8.574500000000000455e+01
8.008251953125000000e+01 -8.705400000000000205e+01
8.008256835937500284e+01 -8.807999999999999829e+01
8.008261718750000568e+01 -8.672100000000000364e+01
8.008266601562499432e+01 -8.766299999999999670e+01
8.008271484374999716e+01 -8.727899999999999636e+01
8.008276367187500000e+01 -8.651200000000000045e+01
8.008281250000000284e+01 -8.746299999999999386e+01
8.008286132812500568e+01 -8.705500000000000682e+01
8.008291015624999432e+01 -8.789499999999999602e+01
8.008295898437499716e+01 -8.653600000000000136e+01
8.008300781250000000e+01 -8.741700000000000159e+01
8.008305664062500284e+01 -8.735500000000000398e+01
8.008310546875000568e+01 -8.625199999999999534e+01
8.008315429687499432e+01 -8.782699999999999818e+01
8.008320312499999716e+01 -8.753799999999999670e+01
8.008325195312500000e+01 -8.722799999999999443e+01
8.008330078125000284e+01 -8.716599999999999682e+01
8.008334960937500568e+01 -8.716100000000000136e+01
8.008339843749999432e+01 -8.699800000000000466e+01
8.008344726562499716e+01 -8.770900000000000318e+01
8.008349609375000000e+01 -8.724099999999999966e+01
8.008354492187500284e+01 -8.717499999999999716e+01
8.008359375000000568e+01 -8.802599999999999625e+01
8.008364257812499432e+01 -8.631900000000000261e+01
8.008369140624999716e+01 -8.842100000000000648e+01
8.008374023437500000e+01 -8.736299999999999955e+01
8.008378906250000284e+01 -8.811299999999999955e+01
8.008383789062500568e+01 -8.657800000000000296e+01
8.008388671874999432e+01 -8.682399999999999807e+01
8.008393554687499716e+01 -8.813899999999999579e+01
8.008398437500000000e+01 -8.795799999999999841e+01
8.008403320312500284e+01 -8.728000000000000114e+01
8.008408203125000568e+01 -8.670399999999999352e+01
8.008413085937499432e+01 -8.809600000000000364e+01
8.008417968749999716e+01 -8.762500000000000000e+01
8.008422851562500000e+01 -8.752899999999999636e+01
8.008427734375000284e+01 -8.734699999999999420e+01
8.008432617187500568e+01 -8.765200000000000102e+01
8.008437499999999432e+01 -8.886299999999999955e+01
8.008442382812499716e+01 -8.871699999999999875e+01
8.008447265625000000e+01 -8.728900000000000148e+01
8.008452148437500284e+01 -8.846399999999999864e+01
8.008457031250000568e+01 -8.718899999999999295e+01
8.008461914062499432e+01 -8.587300000000000466e+01
8.008466796874999716e+01 -8.696699999999999875e+01
8.008471679687500000e+01 -8.734399999999999409e+01
8.008476562500000284e+01 -8.724699999999999989e+01
8.008481445312500568e+01 -8.914199999999999591e+01
8.008486328124999432e+01 -8.723499999999999943e+01
8.008491210937499716e+01 -8.808299999999999841e+01
8.008496093750000000e+01 -8.818200000000000216e+01
8.008500976562500284e+01 -8.672899999999999920e+01
8.008505859375000568e+01 -8.745300000000000296e+01
8.008510742187499432e+01 -8.722700000000000387e+01
8.008515624999999716e+01 -8.784300000000000352e+01
8.008520507812500000e+01 -8.706600000000000250e+01
8.008525390625000284e+01 -8.834799999999999898e+01
8.008530273437500568e+01 -8.640300000000000580e+01
8.008535156249999432e+01 -8.779600000000000648e+01
8.008540039062499716e+01 -8.705200000000000671e+01
8.008544921875000000e+01 -8.589300000000000068e+01
8.008549804687500284e+01 -8.773399999999999466e+01
8.008554687500000568e+01 -8.744599999999999795e+01
8.008559570312499432e+01 -8.650300000000000011e+01
8.008564453124999716e+01 -8.708400000000000318e+01
8.008569335937500000e+01 -8.724399999999999977e+01
8.008574218750000284e+01 -8.717499999999999716e+01
8.008579101562500568e+01 -8.762099999999999511e+01
8.008583984374999432e+01 -8.759900000000000375e+01
8.008588867187499716e+01 -8.865399999999999636e+01
8.008593750000000000e+01 -8.628199999999999648e+01
8.008598632812500284e+01 -8.809999999999999432e+01
8.008603515625000568e+01 -8.796299999999999386e+01
8.008608398437499432e+01 -8.698399999999999466e+01
8.008613281249999716e+01 -8.699599999999999511e+01
8.008618164062500000e+01 -8.754900000000000659e+01
8.008623046875000284e+01 -8.780400000000000205e+01
8.008627929687500568e+01 -8.776200000000000045e+01
8.008632812499999432e+01 -8.781900000000000261e+01
8.008637695312499716e+01 -8.757699999999999818e+01
8.008642578125000000e+01 -8.677100000000000080e+01
8.008647460937500284e+01 -8.713599999999999568e+01
8.008652343750000568e+01 -8.697400000000000375e+01
8.008657226562499432e+01 -8.642499999999999716e+01
8.008662109374999716e+01 -8.741100000000000136e+01
8.008666992187500000e+01 -8.735200000000000387e+01
8.008671875000000284e+01 -8.664799999999999613e+01
8.008676757812500568e+01 -8.649299999999999500e+01
8.008681640624999432e+01 -8.786400000000000432e+01
8.008686523437499716e+01 -8.690500000000000114e+01
8.008691406250000000e+01 -8.794499999999999318e+01
8.008696289062500284e+01 -8.867700000000000671e+01
8.008701171875000568e+01 -8.701699999999999591e+01
8.008706054687499432e+01 -8.826900000000000546e+01
8.008710937499999716e+01 -8.734499999999999886e+01
8.008715820312500000e+01 -8.672899999999999920e+01
8.008720703125000284e+01 -8.781100000000000705e+01
8.008725585937500568e+01 -8.616800000000000637e+01
8.008730468749999432e+01 -8.666899999999999693e+01
8.008735351562499716e+01 -8.902299999999999613e+01
8.008740234375000000e+01 -8.861100000000000421e+01
8.008745117187500284e+01 -8.768699999999999761e+01
8.008750000000000568e+01 -8.702400000000000091e+01
8.008754882812499432e+01 -8.785200000000000387e+01
8.008759765624999716e+01 -8.725700000000000500e+01
8.008764648437500000e+01 -8.756900000000000261e+01
8.008769531250000284e+01 -8.719100000000000250e+01
8.008774414062500568e+01 -8.720499999999999829e+01
8.008779296874999432e+01 -8.737199999999999989e+01
8.008784179687499716e+01 -8.852100000000000080e+01
8.008789062500000000e+01 -8.656900000000000261e+01
8.008793945312500284e+01 -8.664600000000000080e+01
8.008798828125000568e+01 -8.765699999999999648e+01
8.008803710937499432e+01 -8.838299999999999557e+01
8.008808593749999716e+01 -8.756799999999999784e+01
8.008813476562500000e+01 -8.703400000000000603e+01
8.008818359375000284e+01 -8.822400000000000375e+01
8.008823242187500568e+01 -8.807299999999999329e+01
8.008828124999999432e+01 -8.720600000000000307e+01
8.008833007812499716e+01 -8.760399999999999920e+01
8.008837890625000000e+01 -8.802599999999999625e+01
8.008842773437500284e+01 -8.720099999999999341e+01
8.008847656250000568e+01 -8.812300000000000466e+01
8.008852539062499432e+01 -8.735500000000000398e+01
8.008857421874999716e+01 -8.668899999999999295e+01
8.008862304687500000e+01 -8.645900000000000318e+01
8.008867187500000284e+01 -8.778400000000000603e+01
8.008872070312500568e+01 -8.679999999999999716e+01
8.008876953124999432e+01 -8.720099999999999341e+01
8.008881835937499716e+01 -8.692000000000000171e+01
8.008886718750000000e+01 -8.607599999999999341e+01
8.008891601562500284e+01 -8.658799999999999386e+01
8.008896484375000568e+01 -8.753799999999999670e+01
8.008901367187499432e+01 -8.875900000000000034e+01
8.008906249999999716e+01 -8.826099999999999568e+01
8.008911132812500000e+01 -8.662199999999999989e+01
8.008916015625000284e+01 -8.761899999999999977e+01
8.008920898437500568e+01 -8.720900000000000318e+01
8.008925781249999432e+01 -8.720000000000000284e+01
8.008930664062499716e+01 -8.747700000000000387e+01
8.008935546875000000e+01 -8.798099999999999454e+01
8.008940429687500284e+01 -8.686100000000000421e+01
8.008945312500000568e+01 -8.739700000000000557e+01
8.008950195312499432e+01 -8.679900000000000659e+01
8.008955078124999716e+01 -8.666800000000000637e+01
8.008959960937500000e+01 -8.615500000000000114e+01
8.008964843750000284e+01 -8.666200000000000614e+01
8.008969726562500568e+01 -8.732299999999999329e+01
8.008974609374999432e+01 -8.867400000000000659e+01
8.008979492187499716e+01 -8.645600000000000307e+01
8.008984375000000000e+01 -8.802100000000000080e+01
8.008989257812500284e+01 -8.699299999999999500e+01
8.008994140625000568e+01 -8.673099999999999454e+01
8.008999023437499432e+01 -8.610999999999999943e+01
8.009003906249999716e+01 -8.721699999999999875e+01
8.009008789062500000e+01 -8.687600000000000477e+01
8.009013671875000284e+01 -8.794799999999999329e+01
8.009018554687500568e+01 -8.699099999999999966e+01
8.009023437499999432e+01 -8.770099999999999341e+01
8.009028320312499716e+01 -8.756699999999999307e+01
8.009033203125000000e+01 -8.789000000000000057e+01
8.009038085937500284e+01 -8.730700000000000216e+01
8.009042968750000568e+01 -8.848900000000000432e+01
8.009047851562499432e+01 -8.768500000000000227e+01
8.009052734374999716e+01 -8.765800000000000125e+01
8.009057617187500000e+01 -8.719899999999999807e+01
8.009062500000000284e+01 -8.714300000000000068e+01
8.009067382812500568e+01 -8.779300000000000637e+01
8.009072265624999432e+01 -8.709199999999999875e+01
8.009077148437499716e+01 -8.621899999999999409e+01
8.009082031250000000e+01 -8.821899999999999409e+01
8.009086914062500284e+01 -8.758599999999999852e+01
8.009091796875000568e+01 -8.701399999999999579e+01
8.009096679687499432e+01 -8.736799999999999500e+01
8.009101562499999716e+01 -8.803799999999999670e+01
8.009106445312500000e+01 -8.762500000000000000e+01
8.009111328125000284e+01 -8.712900000000000489e+01
8.009116210937500568e+01 -8.746699999999999875e+01
8.009121093749999432e+01 -8.730899999999999750e+01
8.009125976562499716e+01 -8.678600000000000136e+01
8.009130859375000000e+01 -8.728600000000000136e+01
8.009135742187500284e+01 -8.743899999999999295e+01
8.009140625000000568e+01 -8.834999999999999432e+01
8.009145507812499432e+01 -8.734600000000000364e+01
8.009150390624999716e+01 -8.811400000000000432e+01
8.009155273437500000e+01 -8.714900000000000091e+01
8.009160156250000284e+01 -8.763599999999999568e+01
8.009165039062500568e+01 -8.818999999999999773e+01
8.009169921874999432e+01 -8.865900000000000603e+01
8.009174804687499716e+01 -8.821599999999999397e+01
8.009179687500000000e+01 -8.672299999999999898e+01
8.009184570312500284e+01 -8.758700000000000330e+01
8.009189453125000568e+01 -8.806499999999999773e+01
8.009194335937499432e+01 -8.774899999999999523e+01
8.009199218749999716e+01 -8.722199999999999420e+01
8.009204101562500000e+01 -8.686100000000000421e+01
8.009208984375000284e+01 -8.862000000000000455e+01
8.009213867187500568e+01 -8.851000000000000512e+01
8.009218749999999432e+01 -8.766700000000000159e+01
8.009223632812499716e+01 -8.758199999999999363e+01
8.009228515625000000e+01 -8.819299999999999784e+01
8.009233398437500284e+01 -8.710599999999999454e+01
8.009238281250000568e+01 -8.835299999999999443e+01
8.009243164062499432e+01 -8.834900000000000375e+01
8.009248046874999716e+01 -8.814600000000000080e+01
8.009252929687500000e+01 -8.781000000000000227e+01
8.009257812500000284e+01 -8.699299999999999500e+01
8.009262695312500568e+01 -8.790099999999999625e+01
8.009267578124999432e+01 -8.777800000000000580e+01
8.009272460937499716e+01 -8.698300000000000409e+01
8.009277343750000000e+01 -8.739700000000000557e+01
8.009282226562500284e+01 -8.802100000000000080e+01
8.009287109375000568e+01 -8.770600000000000307e+01
8.009291992187499432e+01 -8.698499999999999943e+01
8.009296874999999716e+01 -8.781600000000000250e+01
8.009301757812500000e+01 -8.685099999999999909e+01
8.009306640625000284e+01 -8.690900000000000603e+01
8.009311523437500568e+01 -8.773799999999999955e+01
8.009316406249999432e+01 -8.716899999999999693e+01
8.009321289062499716e+01 -8.790399999999999636e+01
8.009326171875000000e+01 -8.696200000000000330e+01
8.009331054687500284e+01 -8.807999999999999829e+01
8.009335937500000568e+01 -8.785200000000000387e+01
8.009340820312499432e+01 -8.802299999999999613e+01
8.009345703124999716e+01 -8.750199999999999534e+01
8.009350585937500000e+01 -8.673300000000000409e+01
8.009355468750000284e+01 -8.735599999999999454e+01
8.009360351562500568e+01 -8.689199999999999591e+01
8.009365234374999432e+01 -8.728600000000000136e+01
8.009370117187499716e+01 -8.787900000000000489e+01
8.009375000000000000e+01 -8.732399999999999807e+01
8.009379882812500284e+01 -8.816599999999999682e+01
8.009384765625000568e+01 -8.677100000000000080e+01
8.009389648437499432e+01 -8.737000000000000455e+01
8.009394531249999716e+01 -8.766800000000000637e+01
8.009399414062500000e+01 -8.795600000000000307e+01
8.009404296875000284e+01 -8.708599999999999852e+01
8.009409179687500568e+01 -8.699200000000000443e+01
8.009414062499999432e+01 -8.709399999999999409e+01
8.009418945312499716e+01 -8.732500000000000284e+01
8.009423828125000000e+01 -8.749899999999999523e+01
8.009428710937500284e+01 -8.711700000000000443e+01
8.009433593750000568e+01 -8.692300000000000182e+01
8.009438476562499432e+01 -8.737300000000000466e+01
8.009443359374999716e+01 -8.779000000000000625e+01
8.009448242187500000e+01 -8.778499999999999659e+01
8.009453125000000284e+01 -8.757999999999999829e+01
8.009458007812500568e+01 -8.822599999999999909e+01
8.009462890624999432e+01 -8.759900000000000375e+01
8.009467773437499716e+01 -8.784699999999999420e+01
8.009472656250000000e+01 -8.735099999999999909e+01
8.009477539062500284e+01 -8.678799999999999670e+01
8.009482421875000568e+01 -8.913899999999999579e+01
8.009487304687499432e+01 -8.725100000000000477e+01
8.009492187499999716e+01 -8.673099999999999454e+01
8.009497070312500000e+01 -8.752899999999999636e+01
8.009501953125000284e+01 -8.750499999999999545e+01
8.009506835937500568e+01 -8.869199999999999307e+01
8.009511718749999432e+01 -8.718000000000000682e+01
8.009516601562499716e+01 -8.713200000000000500e+01
8.009521484375000000e+01 -8.813599999999999568e+01
8.009526367187500284e+01 -8.752400000000000091e+01
8.009531250000000568e+01 -8.604500000000000171e+01
8.009536132812499432e+01 -8.756000000000000227e+01
8.009541015624999716e+01 -8.721200000000000330e+01
8.009545898437500000e+01 -8.842700000000000671e+01
8.009550781250000284e+01 -8.849200000000000443e+01
8.009555664062500568e+01 -8.714799999999999613e+01
8.009560546874999432e+01 -8.789199999999999591e+01
8.009565429687499716e+01 -8.833100000000000307e+01
8.009570312500000000e+01 -8.752500000000000568e+01
8.009575195312500284e+01 -8.585899999999999466e+01
8.009580078125000568e+01 -8.642600000000000193e+01
8.009584960937499432e+01 -8.756000000000000227e+01
8.009589843749999716e+01 -8.757399999999999807e+01
8.009594726562500000e+01 -8.711299999999999955e+01
8.009599609375000284e+01 -8.565099999999999625e+01
8.009604492187500568e+01 -8.765300000000000580e+01
8.009609374999999432e+01 -8.829300000000000637e+01
8.009614257812499716e+01 -8.948499999999999943e+01
8.009619140625000000e+01 -8.682999999999999829e+01
8.009624023437500284e+01 -8.769499999999999318e+01
8.009628906250000568e+01 -8.735899999999999466e+01
8.009633789062499432e+01 -8.831799999999999784e+01
8.009638671874999716e+01 -8.775499999999999545e+01
8.009643554687500000e+01 -8.744700000000000273e+01
8.009648437500000284e+01 -8.750400000000000489e+01
8.009653320312500568e+01 -8.826099999999999568e+01
8.009658203124999432e+01 -8.681000000000000227e+01
8.009663085937499716e+01 -8.669400000000000261e+01
8.009667968750000000e+01 -8.653600000000000136e+01
8.009672851562500284e+01 -8.822100000000000364e+01
8.009677734375000568e+01 -8.688400000000000034e+01
8.009682617187499432e+01 -8.730100000000000193e+01
8.009687499999999716e+01 -8.644499999999999318e+01
8.009692382812500000e+01 -8.691100000000000136e+01
8.009697265625000284e+01 -8.703700000000000614e+01
8.009702148437500568e+01 -8.759399999999999409e+01
8.009707031249999432e+01 -8.773099999999999454e+01
8.009711914062499716e+01 -8.586899999999999977e+01
8.009716796875000000e+01 -8.690000000000000568e+01
8.009721679687500284e+01 -8.744199999999999307e+01
8.009726562500000568e+01 -8.827299999999999613e+01
8.009731445312499432e+01 -8.767300000000000182e+01
8.009736328124999716e+01 -8.734499999999999886e+01
8.009741210937500000e+01 -8.807099999999999795e+01
8.009746093750000284e+01 -8.732999999999999829e+01
8.009750976562500568e+01 -8.869299999999999784e+01
8.009755859374999432e+01 -8.757999999999999829e+01
8.009760742187499716e+01 -8.680400000000000205e+01
8.009765625000000000e+01 -8.671800000000000352e+01
8.009770507812500284e+01 -8.743699999999999761e+01
8.009775390625000568e+01 -8.716599999999999682e+01
8.009780273437499432e+01 -8.578300000000000125e+01
8.009785156249999716e+01 -8.534900000000000375e+01
8.009790039062500000e+01 -8.827899999999999636e+01
8.009794921875000284e+01 -8.712699999999999534e+01
8.009799804687500568e+01 -8.939100000000000534e+01
8.009804687499999432e+01 -8.705800000000000693e+01
8.009809570312499716e+01 -8.742600000000000193e+01
8.009814453125000000e+01 -8.630500000000000682e+01
8.009819335937500284e+01 -8.757800000000000296e+01
8.009824218750000568e+01 -8.673399999999999466e+01
8.009829101562499432e+01 -8.774599999999999511e+01
8.009833984374999716e+01 -8.763599999999999568e+01
8.009838867187500000e+01 -8.839499999999999602e+01
8.009843750000000284e+01 -8.663500000000000512e+01
8.009848632812500568e+01 -8.620300000000000296e+01
8.009853515624999432e+01 -8.689499999999999602e+01
8.009858398437499716e+01 -8.732999999999999829e+01
8.009863281250000000e+01 -8.709499999999999886e+01
8.009868164062500284e+01 -8.708299999999999841e+01
8.009873046875000568e+01 -8.750400000000000489e+01
8.009877929687499432e+01 -8.630500000000000682e+01
8.009882812499999716e+01 -8.664900000000000091e+01
8.009887695312500000e+01 -8.767100000000000648e+01
8.009892578125000284e+01 -8.690200000000000102e+01
8.009897460937500568e+01 -8.784999999999999432e+01
8.009902343749999432e+01 -8.660999999999999943e+01
8.009907226562499716e+01 -8.580299999999999727e+01
8.009912109375000000e+01 -8.695900000000000318e+01
8.009916992187500284e+01 -8.834499999999999886e+01
8.009921875000000568e+01 -8.689700000000000557e+01
8.009926757812499432e+01 -8.830700000000000216e+01
8.009931640624999716e+01 -8.791200000000000614e+01
8.009936523437500000e+01 -8.694799999999999329e+01
8.009941406250000284e+01 -8.624500000000000455e+01
8.009946289062500568e+01 -8.800100000000000477e+01
8.009951171874999432e+01 -8.765099999999999625e+01
8.009956054687499716e+01 -8.708100000000000307e+01
8.009960937500000000e+01 -8.793899999999999295e+01
8.009965820312500284e+01 -8.732999999999999829e+01
8.009970703125000568e+01 -8.617499999999999716e+01
8.009975585937499432e+01 -8.615399999999999636e+01
8.009980468749999716e+01 -8.413400000000000034e+01
8.009985351562500000e+01 -5.965699999999999648e+01
8.009990234375000284e+01 -4.875600000000000023e+01
8.009995117187500568e+01 -8.816299999999999670e+01
8.009999999999999432e+01 -8.573699999999999477e+01
8.010004882812499716e+01 -8.732200000000000273e+01
8.010009765625000000e+01 -8.698099999999999454e+01
8.010014648437500284e+01 -8.778199999999999648e+01
8.010019531250000568e+01 -8.795099999999999341e+01
8.010024414062499432e+01 -8.731600000000000250e+01
8.010029296874999716e+01 -8.853100000000000591e+01
8.010034179687500000e+01 -8.745900000000000318e+01
8.010039062500000284e+01 -8.761899999999999977e+01
8.010043945312500568e+01 -8.804099999999999682e+01
8.010048828124999432e+01 -8.834900000000000375e+01
8.010053710937499716e+01 -8.741800000000000637e+01
8.010058593750000000e+01 -8.758199999999999363e+01
8.010063476562500284e+01 -8.770900000000000318e+01
8.010068359375000568e+01 -8.760699999999999932e+01
8.010073242187499432e+01 -8.803499999999999659e+01
8.010078124999999716e+01 -8.768000000000000682e+01
8.010083007812500000e+01 -8.698099999999999454e+01
8.010087890625000284e+01 -8.731300000000000239e+01
8.010092773437500568e+01 -8.850000000000000000e+01
8.010097656249999432e+01 -8.762699999999999534e+01
8.010102539062499716e+01 -8.628499999999999659e+01
8.010107421875000000e+01 -8.733199999999999363e+01
8.010112304687500284e+01 -8.736599999999999966e+01
8.010117187500000568e+01 -8.752400000000000091e+01
8.010122070312499432e+01 -8.661400000000000432e+01
8.010126953124999716e+01 -8.741400000000000148e+01
8.010131835937500000e+01 -8.784499999999999886e+01
8.010136718750000284e+01 -8.835399999999999920e+01
8.010141601562500568e+01 -8.738899999999999579e+01
8.010146484374999432e+01 -8.813599999999999568e+01
8.010151367187499716e+01 -8.718800000000000239e+01
8.010156250000000000e+01 -8.634499999999999886e+01
8.010161132812500284e+01 -8.784000000000000341e+01
8.010166015625000568e+01 -8.732099999999999795e+01
8.010170898437499432e+01 -8.803499999999999659e+01
8.010175781249999716e+01 -8.764799999999999613e+01
8.010180664062500000e+01 -8.700400000000000489e+01
8.010185546875000284e+01 -8.643200000000000216e+01
8.010190429687500568e+01 -8.705200000000000671e+01
8.010195312499999432e+01 -8.694799999999999329e+01
8.010200195312499716e+01 -8.728600000000000136e+01
8.010205078125000000e+01 -8.673699999999999477e+01
8.010209960937500284e+01 -8.757399999999999807e+01
8.010214843750000568e+01 -8.654000000000000625e+01
8.010219726562499432e+01 -8.741500000000000625e+01
8.010224609374999716e+01 -8.674299999999999500e+01
8.010229492187500000e+01 -8.742300000000000182e+01
8.010234375000000284e+01 -8.695600000000000307e+01
8.010239257812500568e+01 -8.772199999999999420e+01
8.010244140624999432e+01 -8.789100000000000534e+01
8.010249023437499716e+01 -8.763899999999999579e+01
8.010253906250000000e+01 -8.819899999999999807e+01
8.010258789062500284e+01 -8.774200000000000443e+01
8.010263671875000568e+01 -8.617199999999999704e+01
8.010268554687499432e+01 -8.787900000000000489e+01
8.010273437499999716e+01 -8.726200000000000045e+01
8.010278320312500000e+01 -8.750700000000000500e+01
8.010283203125000284e+01 -8.818800000000000239e+01
8.010288085937500568e+01 -8.668500000000000227e+01
8.010292968749999432e+01 -8.774899999999999523e+01
8.010297851562499716e+01 -8.741700000000000159e+01
8.010302734375000000e+01 -8.745000000000000284e+01
8.010307617187500284e+01 -8.816800000000000637e+01
8.010312500000000568e+01 -8.686599999999999966e+01
8.010317382812499432e+01 -8.736700000000000443e+01
8.010322265624999716e+01 -8.712800000000000011e+01
8.010327148437500000e+01 -8.779600000000000648e+01
8.010332031250000284e+01 -8.679399999999999693e+01
8.010336914062500568e+01 -8.760500000000000398e+01
8.010341796874999432e+01 -8.793699999999999761e+01
8.010346679687499716e+01 -8.684000000000000341e+01
8.010351562500000000e+01 -8.782200000000000273e+01
8.010356445312500284e+01 -8.700000000000000000e+01
8.010361328125000568e+01 -8.710099999999999909e+01
8.010366210937499432e+01 -8.789100000000000534e+01
8.010371093749999716e+01 -8.755700000000000216e+01
8.010375976562500000e+01 -8.725300000000000011e+01
8.010380859375000284e+01 -8.799200000000000443e+01
8.010385742187500568e+01 -8.798699999999999477e+01
8.010390624999999432e+01 -8.758299999999999841e+01
8.010395507812499716e+01 -8.705400000000000205e+01
8.010400390625000000e+01 -8.764700000000000557e+01
8.010405273437500284e+01 -8.904200000000000159e+01
8.010410156250000568e+01 -8.712000000000000455e+01
8.010415039062499432e+01 -8.736899999999999977e+01
8.010419921874999716e+01 -8.707599999999999341e+01
8.010424804687500000e+01 -8.605700000000000216e+01
8.010429687500000284e+01 -8.758299999999999841e+01
8.010434570312500568e+01 -8.693699999999999761e+01
8.010439453124999432e+01 -8.712300000000000466e+01
8.010444335937499716e+01 -8.695300000000000296e+01
8.010449218750000000e+01 -8.683100000000000307e+01
8.010454101562500284e+01 -8.683899999999999864e+01
8.010458984375000568e+01 -8.690000000000000568e+01
8.010463867187499432e+01 -8.712999999999999545e+01
8.010468749999999716e+01 -8.850199999999999534e+01
8.010473632812500000e+01 -8.740600000000000591e+01
8.010478515625000284e+01 -8.646200000000000330e+01
8.010483398437500568e+01 -8.773699999999999477e+01
8.010488281249999432e+01 -8.881999999999999318e+01
8.010493164062499716e+01 -8.671800000000000352e+01
8.010498046875000000e+01 -8.684099999999999397e+01
8.010502929687500284e+01 -8.779800000000000182e+01
8.010507812500000568e+01 -8.560899999999999466e+01
8.010512695312499432e+01 -8.718099999999999739e+01
8.010517578124999716e+01 -8.678000000000000114e+01
8.010522460937500000e+01 -8.817700000000000671e+01
8.010527343750000284e+01 -8.701699999999999591e+01
8.010532226562500568e+01 -8.692499999999999716e+01
8.010537109374999432e+01 -8.655700000000000216e+01
8.010541992187499716e+01 -8.702800000000000580e+01
8.010546875000000000e+01 -8.697100000000000364e+01
8.010551757812500284e+01 -8.624899999999999523e+01
8.010556640625000568e+01 -8.829300000000000637e+01
8.010561523437499432e+01 -8.759300000000000352e+01
8.010566406249999716e+01 -8.708499999999999375e+01
8.010571289062500000e+01 -8.704099999999999682e+01
8.010576171875000284e+01 -8.749299999999999500e+01
8.010581054687500568e+01 -8.668500000000000227e+01
8.010585937499999432e+01 -8.656999999999999318e+01
8.010590820312499716e+01 -8.803799999999999670e+01
8.010595703125000000e+01 -8.656199999999999761e+01
8.010600585937500284e+01 -8.601900000000000546e+01
8.010605468750000568e+01 -8.739100000000000534e+01
8.010610351562499432e+01 -8.637999999999999545e+01
8.010615234374999716e+01 -8.821099999999999852e+01
8.010620117187500000e+01 -8.667400000000000659e+01
8.010625000000000284e+01 -8.707099999999999795e+01
8.010629882812500568e+01 -8.772299999999999898e+01
8.010634765624999432e+01 -8.808700000000000330e+01
8.010639648437499716e+01 -8.714700000000000557e+01
8.010644531250000000e+01 -8.655200000000000671e+01
8.010649414062500284e+01 -8.757899999999999352e+01
8.010654296875000568e+01 -8.747299999999999898e+01
8.010659179687499432e+01 -8.791400000000000148e+01
8.010664062499999716e+01 -8.693000000000000682e+01
8.010668945312500000e+01 -8.680100000000000193e+01
8.010673828125000284e+01 -8.613700000000000045e+01
8.010678710937500568e+01 -8.843600000000000705e+01
8.010683593749999432e+01 -8.770999999999999375e+01
8.010688476562499716e+01 -8.691800000000000637e+01
8.010693359375000000e+01 -8.733499999999999375e+01
8.010698242187500284e+01 -8.708499999999999375e+01
8.010703125000000568e+01 -8.581699999999999307e+01
8.010708007812499432e+01 -8.721999999999999886e+01
8.010712890624999716e+01 -8.835299999999999443e+01
8.010717773437500000e+01 -8.807599999999999341e+01
8.010722656250000284e+01 -8.647299999999999898e+01
8.010727539062500568e+01 -8.731000000000000227e+01
8.010732421874999432e+01 -8.779500000000000171e+01
8.010737304687499716e+01 -8.693200000000000216e+01
8.010742187500000000e+01 -8.705100000000000193e+01
8.010747070312500284e+01 -8.717199999999999704e+01
8.010751953125000568e+01 -8.762800000000000011e+01
8.010756835937499432e+01 -8.726000000000000512e+01
8.010761718749999716e+01 -8.726399999999999579e+01
8.010766601562500000e+01 -8.697400000000000375e+01
8.010771484375000284e+01 -8.800300000000000011e+01
8.010776367187500568e+01 -8.719899999999999807e+01
8.010781249999999432e+01 -8.821399999999999864e+01
8.010786132812499716e+01 -8.803199999999999648e+01
8.010791015625000000e+01 -8.811199999999999477e+01
8.010795898437500284e+01 -8.707200000000000273e+01
8.010800781250000568e+01 -8.744499999999999318e+01
8.010805664062499432e+01 -8.779900000000000659e+01
8.010810546874999716e+01 -8.646800000000000352e+01
8.010815429687500000e+01 -8.835800000000000409e+01
8.010820312500000284e+01 -8.661700000000000443e+01
8.010825195312500568e+01 -8.640600000000000591e+01
8.010830078124999432e+01 -8.682099999999999795e+01
8.010834960937499716e+01 -8.815699999999999648e+01
8.010839843750000000e+01 -8.811199999999999477e+01
8.010844726562500284e+01 -8.835399999999999920e+01
8.010849609375000568e+01 -8.669599999999999795e+01
8.010854492187499432e+01 -8.859900000000000375e+01
8.010859374999999716e+01 -8.675000000000000000e+01
8.010864257812500000e+01 -8.748099999999999454e+01
8.010869140625000284e+01 -8.837600000000000477e+01
8.010874023437500568e+01 -8.642600000000000193e+01
8.010878906249999432e+01 -8.726699999999999591e+01
8.010883789062499716e+01 -8.668099999999999739e+01
8.010888671875000000e+01 -8.717300000000000182e+01
8.010893554687500284e+01 -8.720099999999999341e+01
8.010898437500000568e+01 -8.764799999999999613e+01
8.010903320312499432e+01 -8.772100000000000364e+01
8.010908203124999716e+01 -8.846599999999999397e+01
8.010913085937500000e+01 -8.819700000000000273e+01
8.010917968750000284e+01 -8.663700000000000045e+01
8.010922851562500568e+01 -8.721200000000000330e+01
8.010927734374999432e+01 -8.689799999999999613e+01
8.010932617187499716e+01 -8.709499999999999886e+01
8.010937500000000000e+01 -8.706799999999999784e+01
8.010942382812500284e+01 -8.751000000000000512e+01
8.010947265625000568e+01 -8.822899999999999920e+01
8.010952148437499432e+01 -8.735599999999999454e+01
8.010957031249999716e+01 -8.720999999999999375e+01
8.010961914062500000e+01 -8.764199999999999591e+01
8.010966796875000284e+01 -8.676300000000000523e+01
8.010971679687500568e+01 -8.656000000000000227e+01
8.010976562499999432e+01 -8.841800000000000637e+01
8.010981445312499716e+01 -8.714799999999999613e+01
8.010986328125000000e+01 -8.654099999999999682e+01
8.010991210937500284e+01 -8.854800000000000182e+01
8.010996093750000568e+01 -8.846800000000000352e+01
8.011000976562499432e+01 -8.800900000000000034e+01
8.011005859374999716e+01 -8.706300000000000239e+01
8.011010742187500000e+01 -8.706300000000000239e+01
8.011015625000000284e+01 -8.711199999999999477e+01
8.011020507812500568e+01 -8.790399999999999636e+01
8.011025390624999432e+01 -8.689499999999999602e+01
8.011030273437499716e+01 -8.760899999999999466e+01
8.011035156250000000e+01 -8.613800000000000523e+01
8.011040039062500284e+01 -8.704500000000000171e+01
8.011044921875000568e+01 -8.848399999999999466e+01
8.011049804687499432e+01 -8.784399999999999409e+01
8.011054687499999716e+01 -8.647899999999999920e+01
8.011059570312500000e+01 -8.635500000000000398e+01
8.011064453125000284e+01 -8.687900000000000489e+01
8.011069335937500568e+01 -8.660899999999999466e+01
8.011074218749999432e+01 -8.697400000000000375e+01
8.011079101562499716e+01 -8.702899999999999636e+01
8.011083984375000000e+01 -8.706100000000000705e+01
8.011088867187500284e+01 -8.702500000000000568e+01
8.011093750000000568e+01 -8.661499999999999488e+01
8.011098632812499432e+01 -8.726399999999999579e+01
8.011103515624999716e+01 -8.734499999999999886e+01
8.011108398437500000e+01 -8.733700000000000330e+01
8.011113281250000284e+01 -8.717400000000000659e+01
8.011118164062500568e+01 -8.727200000000000557e+01
8.011123046874999432e+01 -8.770999999999999375e+01
8.011127929687499716e+01 -8.798000000000000398e+01
8.011132812500000000e+01 -8.754399999999999693e+01
8.011137695312500284e+01 -8.785699999999999932e+01
8.011142578125000568e+01 -8.746999999999999886e+01
8.011147460937499432e+01 -8.807699999999999818e+01
8.011152343749999716e+01 -8.820799999999999841e+01
8.011157226562500000e+01 -8.668600000000000705e+01
8.011162109375000284e+01 -8.768000000000000682e+01
8.011166992187500568e+01 -8.789199999999999591e+01
8.011171874999999432e+01 -8.693399999999999750e+01
8.011176757812499716e+01 -8.714100000000000534e+01
8.011181640625000000e+01 -8.675300000000000011e+01
8.011186523437500284e+01 -8.676399999999999579e+01
8.011191406250000568e+01 -8.751099999999999568e+01
8.011196289062499432e+01 -8.727800000000000580e+01
8.011201171874999716e+01 -8.651500000000000057e+01
8.011206054687500000e+01 -8.718000000000000682e+01
8.011210937500000284e+01 -8.836899999999999977e+01
8.011215820312500568e+01 -8.700199999999999534e+01
8.011220703124999432e+01 -8.807999999999999829e+01
8.011225585937499716e+01 -8.694499999999999318e+01
8.011230468750000000e+01 -8.700799999999999557e+01
8.011235351562500284e+01 -8.723799999999999955e+01
8.011240234375000568e+01 -8.759600000000000364e+01
8.011245117187499432e+01 -8.632200000000000273e+01
8.011249999999999716e+01 -8.593600000000000705e+01
8.011254882812500000e+01 -8.648099999999999454e+01
8.011259765625000284e+01 -8.714700000000000557e+01
8.011264648437500568e+01 -8.785899999999999466e+01
8.011269531249999432e+01 -8.667400000000000659e+01
8.011274414062499716e+01 -8.783400000000000318e+01
8.011279296875000000e+01 -8.706900000000000261e+01
8.011284179687500284e+01 -8.792700000000000671e+01
8.011289062500000568e+01 -8.682999999999999829e+01
8.011293945312499432e+01 -8.708400000000000318e+01
8.011298828124999716e+01 -8.699299999999999500e+01
8.011303710937500000e+01 -8.740600000000000591e+01
8.011308593750000284e+01 -8.742300000000000182e+01
8.011313476562500568e+01 -8.777100000000000080e+01
8.011318359374999432e+01 -8.676000000000000512e+01
8.011323242187499716e+01 -8.657699999999999818e+01
8.011328125000000000e+01 -8.820300000000000296e+01
8.011333007812500284e+01 -8.872700000000000387e+01
8.011337890625000568e+01 -8.693800000000000239e+01
8.011342773437499432e+01 -8.733499999999999375e+01
8.011347656249999716e+01 -8.638100000000000023e+01
8.011352539062500000e+01 -8.795600000000000307e+01
8.011357421875000284e+01 -8.801000000000000512e+01
8.011362304687500568e+01 -8.690699999999999648e+01
8.011367187499999432e+01 -8.789900000000000091e+01
8.011372070312499716e+01 -8.694899999999999807e+01
8.011376953125000000e+01 -8.773900000000000432e+01
8.011381835937500284e+01 -8.753199999999999648e+01
8.011386718750000568e+01 -8.735200000000000387e+01
8.011391601562499432e+01 -8.694700000000000273e+01
8.011396484374999716e+01 -8.874899999999999523e+01
8.011401367187500000e+01 -8.719599999999999795e+01
8.011406250000000284e+01 -8.830700000000000216e+01
8.011411132812500568e+01 -8.766400000000000148e+01
8.011416015624999432e+01 -8.773999999999999488e+01
8.011420898437499716e+01 -8.843000000000000682e+01
8.011425781250000000e+01 -8.722400000000000375e+01
8.011430664062500284e+01 -8.734399999999999409e+01
8.011435546875000568e+01 -8.719100000000000250e+01
8.011440429687499432e+01 -8.838899999999999579e+01
8.011445312499999716e+01 -8.666299999999999670e+01
8.011450195312500000e+01 -8.695600000000000307e+01
8.011455078125000284e+01 -8.714499999999999602e+01
8.011459960937500568e+01 -8.678199999999999648e+01
8.011464843749999432e+01 -8.797499999999999432e+01
8.011469726562499716e+01 -8.772400000000000375e+01
8.011474609375000000e+01 -8.726200000000000045e+01
8.011479492187500284e+01 -8.740399999999999636e+01
8.011484375000000568e+01 -8.853300000000000125e+01
8.011489257812499432e+01 -8.742499999999999716e+01
8.011494140624999716e+01 -8.640200000000000102e+01
8.011499023437500000e+01 -8.755100000000000193e+01
8.011503906250000284e+01 -8.759300000000000352e+01
8.011508789062500568e+01 -8.731999999999999318e+01
8.011513671874999432e+01 -8.834300000000000352e+01
8.011518554687499716e+01 -8.729800000000000182e+01
8.011523437500000000e+01 -8.769599999999999795e+01
8.011528320312500284e+01 -8.682800000000000296e+01
8.011533203125000568e+01 -8.769299999999999784e+01
8.011538085937499432e+01 -8.754999999999999716e+01
8.011542968749999716e+01 -8.691599999999999682e+01
8.011547851562500000e+01 -8.905599999999999739e+01
8.011552734375000284e+01 -8.729800000000000182e+01
8.011557617187500568e+01 -8.800799999999999557e+01
8.011562499999999432e+01 -8.789400000000000546e+01
8.011567382812499716e+01 -8.876600000000000534e+01
8.011572265625000000e+01 -8.686199999999999477e+01
8.011577148437500284e+01 -8.760200000000000387e+01
8.011582031250000568e+01 -8.676699999999999591e+01
8.011586914062499432e+01 -8.767799999999999727e+01
8.011591796874999716e+01 -8.775000000000000000e+01
8.011596679687500000e+01 -8.768600000000000705e+01
8.011601562500000284e+01 -8.757999999999999829e+01
8.011606445312500568e+01 -8.787999999999999545e+01
8.011611328124999432e+01 -8.775799999999999557e+01
8.011616210937499716e+01 -8.705500000000000682e+01
8.011621093750000000e+01 -8.782299999999999329e+01
8.011625976562500284e+01 -8.671399999999999864e+01
8.011630859375000568e+01 -8.715699999999999648e+01
8.011635742187499432e+01 -8.738100000000000023e+01
8.011640624999999716e+01 -8.776800000000000068e+01
8.011645507812500000e+01 -8.767000000000000171e+01
8.011650390625000284e+01 -8.806199999999999761e+01
8.011655273437500568e+01 -8.682599999999999341e+01
8.011660156249999432e+01 -8.700000000000000000e+01
8.011665039062499716e+01 -8.700499999999999545e+01
8.011669921875000000e+01 -8.669299999999999784e+01
8.011674804687500284e+01 -8.779699999999999704e+01
8.011679687500000568e+01 -8.781300000000000239e+01
8.011684570312499432e+01 -8.692000000000000171e+01
8.011689453124999716e+01 -8.742499999999999716e+01
8.011694335937500000e+01 -8.890600000000000591e+01
8.011699218750000284e+01 -8.692199999999999704e+01
8.011704101562500568e+01 -8.628100000000000591e+01
8.011708984374999432e+01 -8.734999999999999432e+01
8.011713867187499716e+01 -8.805500000000000682e+01
8.011718750000000000e+01 -8.734300000000000352e+01
8.011723632812500284e+01 -8.642900000000000205e+01
8.011728515625000568e+01 -8.759000000000000341e+01
8.011733398437499432e+01 -8.739000000000000057e+01
8.011738281249999716e+01 -8.806699999999999307e+01
8.011743164062500000e+01 -8.726399999999999579e+01
8.011748046875000284e+01 -8.777800000000000580e+01
8.011752929687500568e+01 -8.631499999999999773e+01
8.011757812499999432e+01 -8.704399999999999693e+01
8.011762695312499716e+01 -8.807999999999999829e+01
8.011767578125000000e+01 -8.700000000000000000e+01
8.011772460937500284e+01 -8.650499999999999545e+01
8.011777343750000568e+01 -8.841700000000000159e+01
8.011782226562499432e+01 -8.827100000000000080e+01
8.011787109374999716e+01 -8.664199999999999591e+01
8.011791992187500000e+01 -8.714499999999999602e+01
8.011796875000000284e+01 -8.746099999999999852e+01
8.011801757812500568e+01 -8.710899999999999466e+01
8.011806640624999432e+01 -8.692100000000000648e+01
8.011811523437499716e+01 -8.792000000000000171e+01
8.011816406250000000e+01 -8.773099999999999454e+01
8.011821289062500284e+01 -8.793200000000000216e+01
8.011826171875000568e+01 -8.800499999999999545e+01
8.011831054687499432e+01 -8.629000000000000625e+01
8.011835937499999716e+01 -8.733700000000000330e+01
8.011840820312500000e+01 -8.654800000000000182e+01
8.011845703125000284e+01 -8.695099999999999341e+01
8.011850585937500568e+01 -8.620199999999999818e+01
8.011855468749999432e+01 -8.732500000000000284e+01
8.011860351562499716e+01 -8.805700000000000216e+01
8.011865234375000000e+01 -8.715900000000000603e+01
8.011870117187500284e+01 -8.671999999999999886e+01
8.011875000000000568e+01 -8.654900000000000659e+01
8.011879882812499432e+01 -8.762500000000000000e+01
8.011884765624999716e+01 -8.713299999999999557e+01
8.011889648437500000e+01 -8.779699999999999704e+01
8.011894531250000284e+01 -8.850100000000000477e+01
8.011899414062500568e+01 -8.732399999999999807e+01
8.011904296874999432e+01 -8.672899999999999920e+01
8.011909179687499716e+01 -8.791200000000000614e+01
8.011914062500000000e+01 -8.771599999999999397e+01
8.011918945312500284e+01 -8.571800000000000352e+01
8.011923828125000568e+01 -8.809099999999999397e+01
8.011928710937499432e+01 -8.768200000000000216e+01
8.011933593749999716e+01 -8.801699999999999591e+01
8.011938476562500000e+01 -8.675199999999999534e+01
8.011943359375000284e+01 -8.690900000000000603e+01
8.011948242187500568e+01 -8.652299999999999613e+01
8.011953124999999432e+01 -8.686700000000000443e+01
8.011958007812499716e+01 -8.726800000000000068e+01
8.011962890625000000e+01 -8.704000000000000625e+01
8.011967773437500284e+01 -8.682800000000000296e+01
8.011972656250000568e+01 -8.693699999999999761e+01
8.011977539062499432e+01 -8.726999999999999602e+01
8.011982421874999716e+01 -8.705800000000000693e+01
8.011987304687500000e+01 -8.776000000000000512e+01
8.011992187500000284e+01 -8.688299999999999557e+01
8.011997070312500568e+01 -8.806300000000000239e+01
8.012001953124999432e+01 -8.693800000000000239e+01
8.012006835937499716e+01 -8.691700000000000159e+01
8.012011718750000000e+01 -8.836199999999999477e+01
8.012016601562500284e+01 -8.645600000000000307e+01
8.012021484375000568e+01 -8.727100000000000080e+01
8.012026367187499432e+01 -8.691299999999999670e+01
8.012031249999999716e+01 -8.746699999999999875e+01
8.012036132812500000e+01 -8.797299999999999898e+01
8.012041015625000284e+01 -8.763700000000000045e+01
8.012045898437500568e+01 -8.657099999999999795e+01
8.012050781249999432e+01 -8.768899999999999295e+01
8.012055664062499716e+01 -8.736700000000000443e+01
8.012060546875000000e+01 -8.601200000000000045e+01
8.012065429687500284e+01 -8.739799999999999613e+01
8.012070312500000568e+01 -8.700000000000000000e+01
8.012075195312499432e+01 -8.731900000000000261e+01
8.012080078124999716e+01 -8.785599999999999454e+01
8.012084960937500000e+01 -8.736700000000000443e+01
8.012089843750000284e+01 -8.690900000000000603e+01
8.012094726562500568e+01 -8.784399999999999409e+01
8.012099609374999432e+01 -8.772199999999999420e+01
8.012104492187499716e+01 -8.730200000000000671e+01
8.012109375000000000e+01 -8.754500000000000171e+01
8.012114257812500284e+01 -8.722100000000000364e+01
8.012119140625000568e+01 -8.755800000000000693e+01
8.012124023437499432e+01 -8.668500000000000227e+01
8.012128906249999716e+01 -8.811499999999999488e+01
8.012133789062500000e+01 -8.693999999999999773e+01
8.012138671875000284e+01 -8.751000000000000512e+01
8.012143554687500568e+01 -8.790900000000000603e+01
8.012148437499999432e+01 -8.708100000000000307e+01
8.012153320312499716e+01 -8.823999999999999488e+01
8.012158203125000000e+01 -8.742000000000000171e+01
8.012163085937500284e+01 -8.631600000000000250e+01
8.012167968750000568e+01 -8.715099999999999625e+01
8.012172851562499432e+01 -8.803199999999999648e+01
8.012177734374999716e+01 -8.752100000000000080e+01
8.012182617187500000e+01 -8.771999999999999886e+01
8.012187500000000284e+01 -8.653100000000000591e+01
8.012192382812500568e+01 -8.579300000000000637e+01
8.012197265624999432e+01 -8.690500000000000114e+01
8.012202148437499716e+01 -8.817000000000000171e+01
8.012207031250000000e+01 -8.788299999999999557e+01
8.012211914062500284e+01 -8.737699999999999534e+01
8.012216796875000568e+01 -8.794799999999999329e+01
8.012221679687499432e+01 -8.784600000000000364e+01
8.012226562499999716e+01 -8.801900000000000546e+01
8.012231445312500000e+01 -8.783899999999999864e+01
8.012236328125000284e+01 -8.772700000000000387e+01
8.012241210937500568e+01 -8.762900000000000489e+01
8.012246093749999432e+01 -8.790600000000000591e+01
8.012250976562499716e+01 -8.833899999999999864e+01
8.012255859375000000e+01 -8.704800000000000182e+01
8.012260742187500284e+01 -8.797899999999999920e+01
8.012265625000000568e+01 -8.794299999999999784e+01
8.012270507812499432e+01 -8.749099999999999966e+01
8.012275390624999716e+01 -8.834799999999999898e+01
8.012280273437500000e+01 -8.670099999999999341e+01
8.012285156250000284e+01 -8.659199999999999875e+01
8.012290039062500568e+01 -8.738800000000000523e+01
8.012294921874999432e+01 -8.717300000000000182e+01
8.012299804687499716e+01 -8.743300000000000693e+01
8.012304687500000000e+01 -8.728199999999999648e+01
8.012309570312500284e+01 -8.793800000000000239e+01
8.012314453125000568e+01 -8.829800000000000182e+01
8.012319335937499432e+01 -8.804399999999999693e+01
8.012324218749999716e+01 -8.735500000000000398e+01
8.012329101562500000e+01 -8.795799999999999841e+01
8.012333984375000284e+01 -8.763100000000000023e+01
8.012338867187500568e+01 -8.681499999999999773e+01
8.012343749999999432e+01 -8.871599999999999397e+01
8.012348632812499716e+01 -8.648999999999999488e+01
8.012353515625000000e+01 -8.626399999999999579e+01
8.012358398437500284e+01 -8.722100000000000364e+01
8.012363281250000568e+01 -8.770600000000000307e+01
8.012368164062499432e+01 -8.639300000000000068e+01
8.012373046874999716e+01 -8.931600000000000250e+01
8.012377929687500000e+01 -8.893800000000000239e+01
8.012382812500000284e+01 -8.899899999999999523e+01
8.012387695312500568e+01 -8.701999999999999602e+01
8.012392578124999432e+01 -8.783599999999999852e+01
8.012397460937499716e+01 -8.608299999999999841e+01
8.012402343750000000e+01 -8.742900000000000205e+01
8.012407226562500284e+01 -8.844400000000000261e+01
8.012412109375000568e+01 -8.844299999999999784e+01
8.012416992187499432e+01 -8.687600000000000477e+01
8.012421874999999716e+01 -8.678600000000000136e+01
8.012426757812500000e+01 -8.756799999999999784e+01
8.012431640625000284e+01 -8.679600000000000648e+01
8.012436523437500568e+01 -8.663299999999999557e+01
8.012441406249999432e+01 -8.784300000000000352e+01
8.012446289062499716e+01 -8.870499999999999829e+01
8.012451171875000000e+01 -8.691700000000000159e+01
8.012456054687500284e+01 -8.805899999999999750e+01
8.012460937500000568e+01 -8.720300000000000296e+01
8.012465820312499432e+01 -8.784699999999999420e+01
8.012470703124999716e+01 -8.679099999999999682e+01
8.012475585937500000e+01 -8.642900000000000205e+01
8.012480468750000284e+01 -8.800199999999999534e+01
8.012485351562500568e+01 -8.787999999999999545e+01
8.012490234374999432e+01 -8.773000000000000398e+01
8.012495117187499716e+01 -8.571200000000000330e+01
