8.007500000000000284e+01 -8.995499999999999829e+01
8.007504882812500568e+01 -8.664499999999999602e+01
8.007509765624999432e+01 -8.792400000000000659e+01
8.007514648437499716e+01 -8.590300000000000580e+01
8.007519531250000000e+01 -8.738500000000000512e+01
8.007524414062500284e+01 -8.687199999999999989e+01
8.007529296875000568e+01 -8.733100000000000307e+01
8.007534179687499432e+01 -8.603100000000000591e+01
8.007539062499999716e+01 -8.682800000000000296e+01
8.007543945312500000e+01 -8.618500000000000227e+01
8.007548828125000284e+01 -8.596800000000000352e+01
8.007553710937500568e+01 -8.336599999999999966e+01
8.007558593749999432e+01 -8.548699999999999477e+01
8.007563476562499716e+01 -8.567900000000000205e+01
8.007568359375000000e+01 -8.633599999999999852e+01
8.007573242187500284e+01 -8.681300000000000239e+01
8.007578125000000568e+01 -8.529399999999999693e+01
8.007583007812499432e+01 -8.621699999999999875e+01
8.007587890624999716e+01 -8.658799999999999386e+01
8.007592773437500000e+01 -8.572400000000000375e+01
8.007597656250000284e+01 -8.695000000000000284e+01
8.007602539062500568e+01 -8.478499999999999659e+01
8.007607421874999432e+01 -8.594899999999999807e+01
8.007612304687499716e+01 -8.548600000000000421e+01
8.007617187500000000e+01 -8.669700000000000273e+01
8.007622070312500284e+01 -8.630400000000000205e+01
8.007626953125000568e+01 -8.512600000000000477e+01
8.007631835937499432e+01 -8.487600000000000477e+01
8.007636718749999716e+01 -8.491200000000000614e+01
8.007641601562500000e+01 -8.678499999999999659e+01
8.007646484375000284e+01 -8.580599999999999739e+01
8.007651367187500568e+01 -8.611700000000000443e+01
8.007656249999999432e+01 -8.565600000000000591e+01
8.007661132812499716e+01 -8.620499999999999829e+01
8.007666015625000000e+01 -8.586499999999999488e+01
8.007670898437500284e+01 -8.598900000000000432e+01
8.007675781250000568e+01 -8.591500000000000625e+01
8.007680664062499432e+01 -8.615200000000000102e+01
8.007685546874999716e+01 -8.644899999999999807e+01
8.007690429687500000e+01 -8.810200000000000387e+01
8.007695312500000284e+01 -8.544599999999999795e+01
8.007700195312500568e+01 -8.655100000000000193e+01
8.007705078124999432e+01 -8.512699999999999534e+01
8.007709960937499716e+01 -8.757299999999999329e+01
8.007714843750000000e+01 -8.560500000000000398e+01
8.007719726562500284e+01 -8.633400000000000318e+01
8.007724609375000568e+01 -8.655700000000000216e+01
8.007729492187499432e+01 -8.756699999999999307e+01
8.007734374999999716e+01 -8.635699999999999932e+01
8.007739257812500000e+01 -8.525000000000000000e+01
8.007744140625000284e+01 -8.428600000000000136e+01
8.007749023437500568e+01 -8.555400000000000205e+01
8.007753906249999432e+01 -8.581000000000000227e+01
8.007758789062499716e+01 -8.467300000000000182e+01
8.007763671875000000e+01 -8.701800000000000068e+01
8.007768554687500284e+01 -8.589799999999999613e+01
8.007773437500000568e+01 -8.556799999999999784e+01
8.007778320312499432e+01 -8.831399999999999295e+01
8.007783203124999716e+01 -8.564400000000000546e+01
8.007788085937500000e+01 -8.512199999999999989e+01
8.007792968750000284e+01 -8.556300000000000239e+01
8.007797851562500568e+01 -8.556600000000000250e+01
8.007802734374999432e+01 -8.551600000000000534e+01
8.007807617187499716e+01 -8.573999999999999488e+01
8.007812500000000000e+01 -8.554099999999999682e+01
8.007817382812500284e+01 -8.554399999999999693e+01
8.007822265625000568e+01 -8.541100000000000136e+01
8.007827148437499432e+01 -8.577200000000000557e+01
8.007832031249999716e+01 -8.498600000000000421e+01
8.007836914062500000e+01 -8.532800000000000296e+01
8.007841796875000284e+01 -8.461599999999999966e+01
8.007846679687500568e+01 -8.581000000000000227e+01
8.007851562499999432e+01 -8.690999999999999659e+01
8.007856445312499716e+01 -8.606999999999999318e+01
8.007861328125000000e+01 -8.648600000000000421e+01
8.007866210937500284e+01 -8.641899999999999693e+01
8.007871093750000568e+01 -8.567700000000000671e+01
8.007875976562499432e+01 -8.766500000000000625e+01
8.007880859374999716e+01 -8.604699999999999704e+01
8.007885742187500000e+01 -8.566599999999999682e+01
8.007890625000000284e+01 -8.611700000000000443e+01
8.007895507812500568e+01 -8.582999999999999829e+01
8.007900390624999432e+01 -8.541500000000000625e+01
8.007905273437499716e+01 -8.590500000000000114e+01
8.007910156250000000e+01 -8.473600000000000421e+01
8.007915039062500284e+01 -8.689799999999999613e+01
8.007919921875000568e+01 -8.489100000000000534e+01
8.007924804687499432e+01 -8.512900000000000489e+01
8.007929687499999716e+01 -8.538200000000000500e+01
8.007934570312500000e+01 -8.642799999999999727e+01
8.007939453125000284e+01 -8.687800000000000011e+01
8.007944335937500568e+01 -8.537399999999999523e+01
8.007949218749999432e+01 -8.640500000000000114e+01
8.007954101562499716e+01 -8.571999999999999886e+01
8.007958984375000000e+01 -8.625799999999999557e+01
8.007963867187500284e+01 -8.547199999999999420e+01
8.007968750000000568e+01 -8.512800000000000011e+01
8.007973632812499432e+01 -8.562399999999999523e+01
8.007978515624999716e+01 -8.574899999999999523e+01
8.007983398437500000e+01 -8.604500000000000171e+01
8.007988281250000284e+01 -8.446800000000000352e+01
8.007993164062500568e+01 -8.625199999999999534e+01
8.007998046874999432e+01 -8.458499999999999375e+01
8.008002929687499716e+01 -8.577800000000000580e+01
8.008007812500000000e+01 -8.641899999999999693e+01
8.008012695312500284e+01 -8.546399999999999864e+01
8.008017578125000568e+01 -8.591299999999999670e+01
8.008022460937499432e+01 -8.603000000000000114e+01
8.008027343749999716e+01 -8.445600000000000307e+01
8.008032226562500000e+01 -8.650900000000000034e+01
8.008037109375000284e+01 -8.541500000000000625e+01
8.008041992187500568e+01 -8.636599999999999966e+01
8.008046874999999432e+01 -8.578100000000000591e+01
8.008051757812499716e+01 -8.640900000000000603e+01
8.008056640625000000e+01 -8.445799999999999841e+01
8.008061523437500284e+01 -8.549099999999999966e+01
8.008066406250000568e+01 -8.601500000000000057e+01
8.008071289062499432e+01 -8.640999999999999659e+01
8.008076171874999716e+01 -8.615099999999999625e+01
8.008081054687500000e+01 -8.686799999999999500e+01
8.008085937500000284e+01 -8.570199999999999818e+01
8.008090820312500568e+01 -8.841800000000000637e+01
8.008095703124999432e+01 -8.499200000000000443e+01
8.008100585937499716e+01 -8.546099999999999852e+01
8.008105468750000000e+01 -8.506100000000000705e+01
8.008110351562500284e+01 -8.529000000000000625e+01
8.008115234375000568e+01 -8.590500000000000114e+01
8.008120117187499432e+01 -8.608899999999999864e+01
8.008124999999999716e+01 -8.460099999999999909e+01
8.008129882812500000e+01 -8.558499999999999375e+01
8.008134765625000284e+01 -8.617499999999999716e+01
8.008139648437500568e+01 -8.589499999999999602e+01
8.008144531249999432e+01 -8.516700000000000159e+01
8.008149414062499716e+01 -8.515000000000000568e+01
8.008154296875000000e+01 -8.529600000000000648e+01
8.008159179687500284e+01 -8.395099999999999341e+01
8.008164062500000568e+01 -8.584900000000000375e+01
8.008168945312499432e+01 -8.499399999999999977e+01
8.008173828124999716e+01 -8.461100000000000421e+01
8.008178710937500000e+01 -8.462600000000000477e+01
8.008183593750000284e+01 -8.489199999999999591e+01
8.008188476562500568e+01 -8.490900000000000603e+01
8.008193359374999432e+01 -8.422799999999999443e+01
8.008198242187499716e+01 -8.521999999999999886e+01
8.008203125000000000e+01 -8.464199999999999591e+01
8.008208007812500284e+01 -8.453700000000000614e+01
8.008212890625000568e+01 -8.550400000000000489e+01
8.008217773437499432e+01 -8.483700000000000330e+01
8.008222656249999716e+01 -8.563400000000000034e+01
8.008227539062500000e+01 -8.480200000000000671e+01
8.008232421875000284e+01 -8.562000000000000455e+01
8.008237304687500568e+01 -8.449500000000000455e+01
8.008242187499999432e+01 -8.374399999999999977e+01
8.008247070312499716e+01 -8.503400000000000603e+01
8.008251953125000000e+01 -8.488100000000000023e+01
8.008256835937500284e+01 -8.590099999999999625e+01
8.008261718750000568e+01 -8.359000000000000341e+01
8.008266601562499432e+01 -8.548300000000000409e+01
8.008271484374999716e+01 -8.380800000000000693e+01
8.008276367187500000e+01 -8.399200000000000443e+01
8.008281250000000284e+01 -8.428600000000000136e+01
8.008286132812500568e+01 -8.431799999999999784e+01
8.008291015624999432e+01 -8.397700000000000387e+01
8.008295898437499716e+01 -8.387999999999999545e+01
8.008300781250000000e+01 -8.506499999999999773e+01
8.008305664062500284e+01 -8.393899999999999295e+01
8.008310546875000568e+01 -8.386100000000000421e+01
8.008315429687499432e+01 -8.382800000000000296e+01
8.008320312499999716e+01 -8.232299999999999329e+01
8.008325195312500000e+01 -8.463400000000000034e+01
8.008330078125000284e+01 -8.340300000000000580e+01
8.008334960937500568e+01 -8.447100000000000364e+01
8.008339843749999432e+01 -8.375600000000000023e+01
8.008344726562499716e+01 -8.358899999999999864e+01
8.008349609375000000e+01 -8.238899999999999579e+01
8.008354492187500284e+01 -8.250600000000000023e+01
8.008359375000000568e+01 -8.262999999999999545e+01
8.008364257812499432e+01 -8.261599999999999966e+01
8.008369140624999716e+01 -8.282699999999999818e+01
8.008374023437500000e+01 -8.276900000000000546e+01
8.008378906250000284e+01 -8.347700000000000387e+01
8.008383789062500568e+01 -8.200799999999999557e+01
8.008388671874999432e+01 -8.297100000000000364e+01
8.008393554687499716e+01 -8.253400000000000603e+01
8.008398437500000000e+01 -8.277599999999999625e+01
8.008403320312500284e+01 -8.314600000000000080e+01
8.008408203125000568e+01 -8.257099999999999795e+01
8.008413085937499432e+01 -8.045600000000000307e+01
8.008417968749999716e+01 -7.996099999999999852e+01
8.008422851562500000e+01 -8.074299999999999500e+01
8.008427734375000284e+01 -8.013899999999999579e+01
8.008432617187500568e+01 -7.908299999999999841e+01
8.008437499999999432e+01 -7.993699999999999761e+01
8.008442382812499716e+01 -7.924500000000000455e+01
8.008447265625000000e+01 -7.881000000000000227e+01
8.008452148437500284e+01 -7.879900000000000659e+01
8.008457031250000568e+01 -7.897400000000000375e+01
8.008461914062499432e+01 -8.008299999999999841e+01
8.008466796874999716e+01 -7.923199999999999932e+01
8.008471679687500000e+01 -7.744499999999999318e+01
8.008476562500000284e+01 -7.750300000000000011e+01
8.008481445312500568e+01 -7.745999999999999375e+01
8.008486328124999432e+01 -7.632500000000000284e+01
8.008491210937499716e+01 -7.649299999999999500e+01
8.008496093750000000e+01 -7.535599999999999454e+01
8.008500976562500284e+01 -7.473300000000000409e+01
8.008505859375000568e+01 -7.392199999999999704e+01
8.008510742187499432e+01 -7.570099999999999341e+01
8.008515624999999716e+01 -7.477899999999999636e+01
8.008520507812500000e+01 -7.550199999999999534e+01
8.008525390625000284e+01 -7.429200000000000159e+01
8.008530273437500568e+01 -7.482200000000000273e+01
8.008535156249999432e+01 -7.463200000000000500e+01
8.008540039062499716e+01 -7.497499999999999432e+01
8.008544921875000000e+01 -7.549599999999999511e+01
8.008549804687500284e+01 -7.585200000000000387e+01
8.008554687500000568e+01 -7.640500000000000114e+01
8.008559570312499432e+01 -7.679000000000000625e+01
8.008564453124999716e+01 -7.509300000000000352e+01
8.008569335937500000e+01 -7.452299999999999613e+01
8.008574218750000284e+01 -7.706799999999999784e+01
8.008579101562500568e+01 -7.620000000000000284e+01
8.008583984374999432e+01 -7.648799999999999955e+01
8.008588867187499716e+01 -7.770499999999999829e+01
8.008593750000000000e+01 -7.847100000000000364e+01
8.008598632812500284e+01 -7.890999999999999659e+01
8.008603515625000568e+01 -7.880700000000000216e+01
8.008608398437499432e+01 -7.890300000000000580e+01
8.008613281249999716e+01 -7.835399999999999920e+01
8.008618164062500000e+01 -7.949800000000000466e+01
8.008623046875000284e+01 -7.827400000000000091e+01
8.008627929687500568e+01 -7.879600000000000648e+01
8.008632812499999432e+01 -7.967000000000000171e+01
8.008637695312499716e+01 -8.028100000000000591e+01
8.008642578125000000e+01 -8.060399999999999920e+01
8.008647460937500284e+01 -7.977400000000000091e+01
8.008652343750000568e+01 -8.160800000000000409e+01
8.008657226562499432e+01 -8.146699999999999875e+01
8.008662109374999716e+01 -8.003700000000000614e+01
8.008666992187500000e+01 -8.087699999999999534e+01
8.008671875000000284e+01 -8.143000000000000682e+01
8.008676757812500568e+01 -8.213400000000000034e+01
8.008681640624999432e+01 -8.164100000000000534e+01
8.008686523437499716e+01 -8.148900000000000432e+01
8.008691406250000000e+01 -8.165099999999999625e+01
8.008696289062500284e+01 -8.027400000000000091e+01
8.008701171875000568e+01 -8.115200000000000102e+01
8.008706054687499432e+01 -8.218899999999999295e+01
8.008710937499999716e+01 -8.138500000000000512e+01
8.008715820312500000e+01 -8.086499999999999488e+01
8.008720703125000284e+01 -8.041400000000000148e+01
8.008725585937500568e+01 -8.054300000000000637e+01
8.008730468749999432e+01 -8.152800000000000580e+01
8.008735351562499716e+01 -8.286700000000000443e+01
8.008740234375000000e+01 -8.229999999999999716e+01
8.008745117187500284e+01 -8.233499999999999375e+01
8.008750000000000568e+01 -8.283700000000000330e+01
8.008754882812499432e+01 -8.235299999999999443e+01
8.008759765624999716e+01 -8.238299999999999557e+01
8.008764648437500000e+01 -8.241800000000000637e+01
8.008769531250000284e+01 -8.192300000000000182e+01
8.008774414062500568e+01 -8.225300000000000011e+01
8.008779296874999432e+01 -8.242400000000000659e+01
8.008784179687499716e+01 -8.185200000000000387e+01
8.008789062500000000e+01 -8.150700000000000500e+01
8.008793945312500284e+01 -8.125900000000000034e+01
8.008798828125000568e+01 -8.255599999999999739e+01
8.008803710937499432e+01 -8.096800000000000352e+01
8.008808593749999716e+01 -8.145600000000000307e+01
8.008813476562500000e+01 -8.243999999999999773e+01
8.008818359375000284e+01 -8.296800000000000352e+01
8.008823242187500568e+01 -8.290300000000000580e+01
8.008828124999999432e+01 -8.176600000000000534e+01
8.008833007812499716e+01 -8.268800000000000239e+01
8.008837890625000000e+01 -8.198099999999999454e+01
8.008842773437500284e+01 -8.219499999999999318e+01
8.008847656250000568e+01 -8.311799999999999500e+01
8.008852539062499432e+01 -8.151500000000000057e+01
8.008857421874999716e+01 -8.277599999999999625e+01
8.008862304687500000e+01 -8.251000000000000512e+01
8.008867187500000284e+01 -8.208899999999999864e+01
8.008872070312500568e+01 -8.247700000000000387e+01
8.008876953124999432e+01 -8.097199999999999420e+01
8.008881835937499716e+01 -8.142100000000000648e+01
8.008886718750000000e+01 -8.220999999999999375e+01
8.008891601562500284e+01 -8.192700000000000671e+01
8.008896484375000568e+01 -8.376500000000000057e+01
8.008901367187499432e+01 -8.118500000000000227e+01
8.008906249999999716e+01 -8.291400000000000148e+01
8.008911132812500000e+01 -8.217400000000000659e+01
8.008916015625000284e+01 -8.226300000000000523e+01
8.008920898437500568e+01 -8.265099999999999625e+01
8.008925781249999432e+01 -8.251999999999999602e+01
8.008930664062499716e+01 -8.136799999999999500e+01
8.008935546875000000e+01 -8.235099999999999909e+01
8.008940429687500284e+01 -8.094899999999999807e+01
8.008945312500000568e+01 -8.232699999999999818e+01
8.008950195312499432e+01 -8.316500000000000625e+01
8.008955078124999716e+01 -8.318099999999999739e+01
8.008959960937500000e+01 -8.196299999999999386e+01
8.008964843750000284e+01 -8.073000000000000398e+01
8.008969726562500568e+01 -8.111499999999999488e+01
8.008974609374999432e+01 -8.162199999999999989e+01
8.008979492187499716e+01 -8.050400000000000489e+01
8.008984375000000000e+01 -8.177200000000000557e+01
8.008989257812500284e+01 -8.166700000000000159e+01
8.008994140625000568e+01 -8.158400000000000318e+01
8.008999023437499432e+01 -8.190600000000000591e+01
8.009003906249999716e+01 -8.149200000000000443e+01
8.009008789062500000e+01 -8.207699999999999818e+01
8.009013671875000284e+01 -8.220799999999999841e+01
8.009018554687500568e+01 -8.154900000000000659e+01
8.009023437499999432e+01 -8.218600000000000705e+01
8.009028320312499716e+01 -8.216400000000000148e+01
8.009033203125000000e+01 -8.172899999999999920e+01
8.009038085937500284e+01 -8.046800000000000352e+01
8.009042968750000568e+01 -8.165699999999999648e+01
8.009047851562499432e+01 -8.070199999999999818e+01
8.009052734374999716e+01 -8.184000000000000341e+01
8.009057617187500000e+01 -8.057099999999999795e+01
8.009062500000000284e+01 -8.080400000000000205e+01
8.009067382812500568e+01 -8.090000000000000568e+01
8.009072265624999432e+01 -8.078499999999999659e+01
8.009077148437499716e+01 -8.162500000000000000e+01
8.009082031250000000e+01 -8.100900000000000034e+01
8.009086914062500284e+01 -8.086199999999999477e+01
8.009091796875000568e+01 -8.077100000000000080e+01
8.009096679687499432e+01 -8.135999999999999943e+01
8.009101562499999716e+01 -8.091299999999999670e+01
8.009106445312500000e+01 -8.125600000000000023e+01
8.009111328125000284e+01 -8.203900000000000148e+01
8.009116210937500568e+01 -7.987699999999999534e+01
8.009121093749999432e+01 -8.135099999999999909e+01
8.009125976562499716e+01 -8.031399999999999295e+01
8.009130859375000000e+01 -8.127599999999999625e+01
8.009135742187500284e+01 -8.112000000000000455e+01
8.009140625000000568e+01 -8.065699999999999648e+01
8.009145507812499432e+01 -8.012900000000000489e+01
8.009150390624999716e+01 -7.978000000000000114e+01
8.009155273437500000e+01 -8.069299999999999784e+01
8.009160156250000284e+01 -8.068099999999999739e+01
8.009165039062500568e+01 -8.073900000000000432e+01
8.009169921874999432e+01 -8.095600000000000307e+01
8.009174804687499716e+01 -8.059900000000000375e+01
8.009179687500000000e+01 -8.063800000000000523e+01
8.009184570312500284e+01 -8.039700000000000557e+01
8.009189453125000568e+01 -7.945000000000000284e+01
8.009194335937499432e+01 -7.947299999999999898e+01
8.009199218749999716e+01 -8.099299999999999500e+01
8.009204101562500000e+01 -7.921999999999999886e+01
8.009208984375000284e+01 -7.887000000000000455e+01
8.009213867187500568e+01 -7.968200000000000216e+01
8.009218749999999432e+01 -8.039300000000000068e+01
8.009223632812499716e+01 -7.920799999999999841e+01
8.009228515625000000e+01 -7.977100000000000080e+01
8.009233398437500284e+01 -7.924299999999999500e+01
8.009238281250000568e+01 -8.031199999999999761e+01
8.009243164062499432e+01 -8.064799999999999613e+01
8.009248046874999716e+01 -8.109399999999999409e+01
8.009252929687500000e+01 -7.937099999999999511e+01
8.009257812500000284e+01 -7.864600000000000080e+01
8.009262695312500568e+01 -7.807800000000000296e+01
8.009267578124999432e+01 -7.910299999999999443e+01
8.009272460937499716e+01 -8.073499999999999943e+01
8.009277343750000000e+01 -7.965800000000000125e+01
8.009282226562500284e+01 -7.870900000000000318e+01
8.009287109375000568e+01 -8.020000000000000284e+01
8.009291992187499432e+01 -7.871599999999999397e+01
8.009296874999999716e+01 -7.958700000000000330e+01
8.009301757812500000e+01 -7.821299999999999386e+01
8.009306640625000284e+01 -7.865699999999999648e+01
8.009311523437500568e+01 -7.808400000000000318e+01
8.009316406249999432e+01 -7.957599999999999341e+01
8.009321289062499716e+01 -7.942300000000000182e+01
8.009326171875000000e+01 -7.906900000000000261e+01
8.009331054687500284e+01 -7.818800000000000239e+01
8.009335937500000568e+01 -7.822599999999999909e+01
8.009340820312499432e+01 -7.868899999999999295e+01
8.009345703124999716e+01 -7.946599999999999397e+01
8.009350585937500000e+01 -7.945499999999999829e+01
8.009355468750000284e+01 -7.842900000000000205e+01
8.009360351562500568e+01 -7.841299999999999670e+01
8.009365234374999432e+01 -7.809199999999999875e+01
8.009370117187499716e+01 -7.908499999999999375e+01
8.009375000000000000e+01 -7.692700000000000671e+01
8.009379882812500284e+01 -7.894899999999999807e+01
8.009384765625000568e+01 -7.901999999999999602e+01
8.009389648437499432e+01 -7.741599999999999682e+01
8.009394531249999716e+01 -7.709099999999999397e+01
8.009399414062500000e+01 -7.864700000000000557e+01
8.009404296875000284e+01 -7.778900000000000148e+01
8.009409179687500568e+01 -7.728900000000000148e+01
8.009414062499999432e+01 -7.669100000000000250e+01
8.009418945312499716e+01 -7.701800000000000068e+01
8.009423828125000000e+01 -7.813200000000000500e+01
8.009428710937500284e+01 -7.686700000000000443e+01
8.009433593750000568e+01 -7.744299999999999784e+01
8.009438476562499432e+01 -7.711599999999999966e+01
8.009443359374999716e+01 -7.675300000000000011e+01
8.009448242187500000e+01 -7.817700000000000671e+01
8.009453125000000284e+01 -7.658700000000000330e+01
8.009458007812500568e+01 -7.652299999999999613e+01
8.009462890624999432e+01 -7.717199999999999704e+01
8.009467773437499716e+01 -7.717100000000000648e+01
8.009472656250000000e+01 -7.585399999999999920e+01
8.009477539062500284e+01 -7.727500000000000568e+01
8.009482421875000568e+01 -7.698399999999999466e+01
8.009487304687499432e+01 -7.598799999999999955e+01
8.009492187499999716e+01 -7.701500000000000057e+01
8.009497070312500000e+01 -7.607399999999999807e+01
8.009501953125000284e+01 -7.627899999999999636e+01
8.009506835937500568e+01 -7.640200000000000102e+01
8.009511718749999432e+01 -7.648000000000000398e+01
8.009516601562499716e+01 -7.668099999999999739e+01
8.009521484375000000e+01 -7.657500000000000284e+01
8.009526367187500284e+01 -7.518500000000000227e+01
8.009531250000000568e+01 -7.600600000000000023e+01
8.009536132812499432e+01 -7.536599999999999966e+01
8.009541015624999716e+01 -7.598499999999999943e+01
8.009545898437500000e+01 -7.595399999999999352e+01
8.009550781250000284e+01 -7.650100000000000477e+01
8.009555664062500568e+01 -7.520699999999999363e+01
8.009560546874999432e+01 -7.531900000000000261e+01
8.009565429687499716e+01 -7.570000000000000284e+01
8.009570312500000000e+01 -7.490900000000000603e+01
8.009575195312500284e+01 -7.518800000000000239e+01
8.009580078125000568e+01 -7.446200000000000330e+01
8.009584960937499432e+01 -7.455400000000000205e+01
8.009589843749999716e+01 -7.544700000000000273e+01
8.009594726562500000e+01 -7.560500000000000398e+01
8.009599609375000284e+01 -7.421399999999999864e+01
8.009604492187500568e+01 -7.498799999999999955e+01
8.009609374999999432e+01 -7.485399999999999920e+01
8.009614257812499716e+01 -7.464199999999999591e+01
8.009619140625000000e+01 -7.524899999999999523e+01
8.009624023437500284e+01 -7.417000000000000171e+01
8.009628906250000568e+01 -7.354800000000000182e+01
8.009633789062499432e+01 -7.512999999999999545e+01
8.009638671874999716e+01 -7.331799999999999784e+01
8.009643554687500000e+01 -7.348499999999999943e+01
8.009648437500000284e+01 -7.411400000000000432e+01
8.009653320312500568e+01 -7.275400000000000489e+01
8.009658203124999432e+01 -7.234699999999999420e+01
8.009663085937499716e+01 -7.262000000000000455e+01
8.009667968750000000e+01 -7.281999999999999318e+01
8.009672851562500284e+01 -7.460800000000000409e+01
8.009677734375000568e+01 -7.402299999999999613e+01
8.009682617187499432e+01 -7.165399999999999636e+01
8.009687499999999716e+01 -7.266299999999999670e+01
8.009692382812500000e+01 -7.068200000000000216e+01
8.009697265625000284e+01 -7.164199999999999591e+01
8.009702148437500568e+01 -7.169599999999999795e+01
8.009707031249999432e+01 -7.125900000000000034e+01
8.009711914062499716e+01 -7.199500000000000455e+01
8.009716796875000000e+01 -7.139600000000000080e+01
8.009721679687500284e+01 -7.243300000000000693e+01
8.009726562500000568e+01 -7.102500000000000568e+01
8.009731445312499432e+01 -7.129000000000000625e+01
8.009736328124999716e+01 -7.106900000000000261e+01
8.009741210937500000e+01 -7.009300000000000352e+01
8.009746093750000284e+01 -7.014499999999999602e+01
8.009750976562500568e+01 -7.192000000000000171e+01
8.009755859374999432e+01 -6.990600000000000591e+01
8.009760742187499716e+01 -7.000100000000000477e+01
8.009765625000000000e+01 -7.006600000000000250e+01
8.009770507812500284e+01 -7.079900000000000659e+01
8.009775390625000568e+01 -6.848199999999999932e+01
8.009780273437499432e+01 -6.899399999999999977e+01
8.009785156249999716e+01 -6.874599999999999511e+01
8.009790039062500000e+01 -6.805299999999999727e+01
8.009794921875000284e+01 -6.734399999999999409e+01
8.009799804687500568e+01 -6.676600000000000534e+01
8.009804687499999432e+01 -6.481300000000000239e+01
8.009809570312499716e+01 -6.179200000000000159e+01
8.009814453125000000e+01 -6.192600000000000193e+01
8.009819335937500284e+01 -6.273700000000000188e+01
8.009824218750000568e+01 -6.092300000000000182e+01
8.009829101562499432e+01 -5.900699999999999790e+01
8.009833984374999716e+01 -5.448100000000000165e+01
8.009838867187500000e+01 -5.714500000000000313e+01
8.009843750000000284e+01 -6.122699999999999676e+01
8.009848632812500568e+01 -6.373299999999999699e+01
8.009853515624999432e+01 -6.595600000000000307e+01
8.009858398437499716e+01 -6.590000000000000568e+01
8.009863281250000000e+01 -6.516299999999999670e+01
8.009868164062500284e+01 -6.284000000000000341e+01
8.009873046875000568e+01 -6.460800000000000409e+01
8.009877929687499432e+01 -6.384100000000000108e+01
8.009882812499999716e+01 -6.368200000000000216e+01
8.009887695312500000e+01 -6.237800000000000011e+01
8.009892578125000284e+01 -6.197899999999999920e+01
8.009897460937500568e+01 -6.235000000000000142e+01
8.009902343749999432e+01 -6.240800000000000125e+01
8.009907226562499716e+01 -6.089800000000000324e+01
8.009912109375000000e+01 -5.970300000000000296e+01
8.009916992187500284e+01 -5.925600000000000023e+01
8.009921875000000568e+01 -5.677300000000000324e+01
8.009926757812499432e+01 -5.315100000000000335e+01
8.009931640624999716e+01 -5.513400000000000034e+01
8.009936523437500000e+01 -5.728399999999999892e+01
8.009941406250000284e+01 -4.490299999999999869e+01
8.009946289062500568e+01 -4.047200000000000131e+01
8.009951171874999432e+01 -3.616299999999999670e+01
8.009956054687499716e+01 -3.014199999999999946e+01
8.009960937500000000e+01 -4.050300000000000011e+01
8.009965820312500284e+01 -4.713700000000000045e+01
8.009970703125000568e+01 -5.011500000000000199e+01
8.009975585937499432e+01 -5.339099999999999824e+01
8.009980468749999716e+01 -4.440899999999999892e+01
8.009985351562500000e+01 -1.013199999999999967e+01
8.009990234375000284e+01 8.100000000000000533e-01
8.009995117187500568e+01 -4.294800000000000040e+01
8.009999999999999432e+01 -5.110000000000000142e+01
8.010004882812499716e+01 -4.994599999999999795e+01
8.010009765625000000e+01 -4.624900000000000233e+01
8.010014648437500284e+01 -4.226700000000000301e+01
8.010019531250000568e+01 -3.050400000000000134e+01
8.010024414062499432e+01 -3.569299999999999784e+01
8.010029296874999716e+01 -4.022500000000000142e+01
8.010034179687500000e+01 -3.999900000000000233e+01
8.010039062500000284e+01 -5.258299999999999841e+01
8.010043945312500568e+01 -5.566700000000000159e+01
8.010048828124999432e+01 -5.193999999999999773e+01
8.010053710937499716e+01 -5.518699999999999761e+01
8.010058593750000000e+01 -5.741199999999999903e+01
8.010063476562500284e+01 -6.213300000000000267e+01
8.010068359375000568e+01 -6.385699999999999932e+01
8.010073242187499432e+01 -6.416100000000000136e+01
8.010078124999999716e+01 -6.422199999999999420e+01
8.010083007812500000e+01 -6.364000000000000057e+01
8.010087890625000284e+01 -6.374900000000000233e+01
8.010092773437500568e+01 -6.532699999999999818e+01
8.010097656249999432e+01 -6.453100000000000591e+01
8.010102539062499716e+01 -6.449899999999999523e+01
8.010107421875000000e+01 -6.292199999999999704e+01
8.010112304687500284e+01 -6.214399999999999835e+01
8.010117187500000568e+01 -6.563599999999999568e+01
8.010122070312499432e+01 -6.588899999999999579e+01
8.010126953124999716e+01 -6.556600000000000250e+01
8.010131835937500000e+01 -6.285300000000000153e+01
8.010136718750000284e+01 -5.918800000000000239e+01
8.010141601562500568e+01 -5.539699999999999847e+01
8.010146484374999432e+01 -5.688700000000000045e+01
8.010151367187499716e+01 -6.339999999999999858e+01
8.010156250000000000e+01 -6.221999999999999886e+01
8.010161132812500284e+01 -6.161699999999999733e+01
8.010166015625000568e+01 -6.303099999999999881e+01
8.010170898437499432e+01 -6.520199999999999818e+01
8.010175781249999716e+01 -6.636400000000000432e+01
8.010180664062500000e+01 -6.724800000000000466e+01
8.010185546875000284e+01 -6.851699999999999591e+01
8.010190429687500568e+01 -6.806499999999999773e+01
8.010195312499999432e+01 -6.965900000000000603e+01
8.010200195312499716e+01 -6.939900000000000091e+01
8.010205078125000000e+01 -6.856499999999999773e+01
8.010209960937500284e+01 -6.931999999999999318e+01
8.010214843750000568e+01 -7.002700000000000102e+01
8.010219726562499432e+01 -6.999200000000000443e+01
8.010224609374999716e+01 -7.098999999999999488e+01
8.010229492187500000e+01 -6.949899999999999523e+01
8.010234375000000284e+01 -6.940600000000000591e+01
8.010239257812500568e+01 -7.045900000000000318e+01
8.010244140624999432e+01 -7.221099999999999852e+01
8.010249023437499716e+01 -7.164300000000000068e+01
8.010253906250000000e+01 -7.331300000000000239e+01
8.010258789062500284e+01 -7.171200000000000330e+01
8.010263671875000568e+01 -7.295300000000000296e+01
8.010268554687499432e+01 -7.265600000000000591e+01
8.010273437499999716e+01 -7.297899999999999920e+01
8.010278320312500000e+01 -7.312600000000000477e+01
8.010283203125000284e+01 -7.175900000000000034e+01
8.010288085937500568e+01 -7.265600000000000591e+01
8.010292968749999432e+01 -7.245300000000000296e+01
8.010297851562499716e+01 -7.359799999999999898e+01
8.010302734375000000e+01 -7.363800000000000523e+01
8.010307617187500284e+01 -7.346800000000000352e+01
8.010312500000000568e+01 -7.366500000000000625e+01
8.010317382812499432e+01 -7.334799999999999898e+01
8.010322265624999716e+01 -7.286499999999999488e+01
8.010327148437500000e+01 -7.276699999999999591e+01
8.010332031250000284e+01 -7.332200000000000273e+01
8.010336914062500568e+01 -7.339100000000000534e+01
8.010341796874999432e+01 -7.332200000000000273e+01
8.010346679687499716e+01 -7.447799999999999443e+01
8.010351562500000000e+01 -7.442000000000000171e+01
8.010356445312500284e+01 -7.474699999999999989e+01
8.010361328125000568e+01 -7.365300000000000580e+01
8.010366210937499432e+01 -7.439400000000000546e+01
8.010371093749999716e+01 -7.436199999999999477e+01
8.010375976562500000e+01 -7.520399999999999352e+01
8.010380859375000284e+01 -7.525600000000000023e+01
8.010385742187500568e+01 -7.331300000000000239e+01
8.010390624999999432e+01 -7.486700000000000443e+01
8.010395507812499716e+01 -7.481999999999999318e+01
8.010400390625000000e+01 -7.417900000000000205e+01
8.010405273437500284e+01 -7.516100000000000136e+01
8.010410156250000568e+01 -7.510200000000000387e+01
8.010415039062499432e+01 -7.730500000000000682e+01
8.010419921874999716e+01 -7.473199999999999932e+01
8.010424804687500000e+01 -7.508299999999999841e+01
8.010429687500000284e+01 -7.606799999999999784e+01
8.010434570312500568e+01 -7.672299999999999898e+01
8.010439453124999432e+01 -7.723099999999999454e+01
8.010444335937499716e+01 -7.639700000000000557e+01
8.010449218750000000e+01 -7.600700000000000500e+01
8.010454101562500284e+01 -7.462800000000000011e+01
8.010458984375000568e+01 -7.544700000000000273e+01
8.010463867187499432e+01 -7.520000000000000284e+01
8.010468749999999716e+01 -7.662800000000000011e+01
8.010473632812500000e+01 -7.638200000000000500e+01
8.010478515625000284e+01 -7.671200000000000330e+01
8.010483398437500568e+01 -7.612500000000000000e+01
8.010488281249999432e+01 -7.566500000000000625e+01
8.010493164062499716e+01 -7.703300000000000125e+01
8.010498046875000000e+01 -7.583799999999999386e+01
8.010502929687500284e+01 -7.647199999999999420e+01
8.010507812500000568e+01 -7.690300000000000580e+01
8.010512695312499432e+01 -7.751800000000000068e+01
8.010517578124999716e+01 -7.860399999999999920e+01
8.010522460937500000e+01 -7.721200000000000330e+01
8.010527343750000284e+01 -7.743899999999999295e+01
8.010532226562500568e+01 -7.725199999999999534e+01
8.010537109374999432e+01 -7.785399999999999920e+01
8.010541992187499716e+01 -7.655800000000000693e+01
8.010546875000000000e+01 -7.739300000000000068e+01
8.010551757812500284e+01 -7.678900000000000148e+01
8.010556640625000568e+01 -7.742300000000000182e+01
8.010561523437499432e+01 -7.649299999999999500e+01
8.010566406249999716e+01 -7.682699999999999818e+01
8.010571289062500000e+01 -7.729200000000000159e+01
8.010576171875000284e+01 -7.801099999999999568e+01
8.010581054687500568e+01 -7.781699999999999307e+01
8.010585937499999432e+01 -7.754200000000000159e+01
8.010590820312499716e+01 -7.835299999999999443e+01
8.010595703125000000e+01 -7.777200000000000557e+01
8.010600585937500284e+01 -7.776399999999999579e+01
8.010605468750000568e+01 -7.770300000000000296e+01
8.010610351562499432e+01 -7.782800000000000296e+01
8.010615234374999716e+01 -7.796500000000000341e+01
8.010620117187500000e+01 -7.792199999999999704e+01
8.010625000000000284e+01 -7.868200000000000216e+01
8.010629882812500568e+01 -7.879200000000000159e+01
8.010634765624999432e+01 -7.828600000000000136e+01
8.010639648437499716e+01 -7.831699999999999307e+01
8.010644531250000000e+01 -7.859799999999999898e+01
8.010649414062500284e+01 -7.882099999999999795e+01
8.010654296875000568e+01 -7.859699999999999420e+01
8.010659179687499432e+01 -7.877899999999999636e+01
8.010664062499999716e+01 -7.945799999999999841e+01
8.010668945312500000e+01 -7.852400000000000091e+01
8.010673828125000284e+01 -7.958899999999999864e+01
8.010678710937500568e+01 -7.907599999999999341e+01
8.010683593749999432e+01 -7.904900000000000659e+01
8.010688476562499716e+01 -7.957899999999999352e+01
8.010693359375000000e+01 -7.937800000000000011e+01
8.010698242187500284e+01 -7.934600000000000364e+01
8.010703125000000568e+01 -7.882299999999999329e+01
8.010708007812499432e+01 -7.893600000000000705e+01
8.010712890624999716e+01 -7.964300000000000068e+01
8.010717773437500000e+01 -7.920499999999999829e+01
8.010722656250000284e+01 -7.986400000000000432e+01
8.010727539062500568e+01 -7.968500000000000227e+01
8.010732421874999432e+01 -7.982800000000000296e+01
8.010737304687499716e+01 -8.116299999999999670e+01
8.010742187500000000e+01 -8.035699999999999932e+01
8.010747070312500284e+01 -8.023999999999999488e+01
8.010751953125000568e+01 -7.888500000000000512e+01
8.010756835937499432e+01 -7.872400000000000375e+01
8.010761718749999716e+01 -7.939000000000000057e+01
8.010766601562500000e+01 -8.025499999999999545e+01
8.010771484375000284e+01 -8.170900000000000318e+01
8.010776367187500568e+01 -8.014100000000000534e+01
8.010781249999999432e+01 -7.954000000000000625e+01
8.010786132812499716e+01 -8.089900000000000091e+01
8.010791015625000000e+01 -8.018899999999999295e+01
8.010795898437500284e+01 -7.948199999999999932e+01
8.010800781250000568e+01 -8.105700000000000216e+01
8.010805664062499432e+01 -8.276800000000000068e+01
8.010810546874999716e+01 -7.993500000000000227e+01
8.010815429687500000e+01 -8.031699999999999307e+01
8.010820312500000284e+01 -8.061499999999999488e+01
8.010825195312500568e+01 -7.958799999999999386e+01
8.010830078124999432e+01 -8.042799999999999727e+01
8.010834960937499716e+01 -8.093999999999999773e+01
8.010839843750000000e+01 -8.062300000000000466e+01
8.010844726562500284e+01 -8.194499999999999318e+01
8.010849609375000568e+01 -8.014799999999999613e+01
8.010854492187499432e+01 -8.151099999999999568e+01
8.010859374999999716e+01 -8.239700000000000557e+01
8.010864257812500000e+01 -8.107299999999999329e+01
8.010869140625000284e+01 -8.059000000000000341e+01
8.010874023437500568e+01 -8.142799999999999727e+01
8.010878906249999432e+01 -7.931100000000000705e+01
8.010883789062499716e+01 -8.076699999999999591e+01
8.010888671875000000e+01 -8.110899999999999466e+01
8.010893554687500284e+01 -8.175000000000000000e+01
8.010898437500000568e+01 -8.087500000000000000e+01
8.010903320312499432e+01 -8.085800000000000409e+01
8.010908203124999716e+01 -8.050199999999999534e+01
8.010913085937500000e+01 -8.201500000000000057e+01
8.010917968750000284e+01 -8.180700000000000216e+01
8.010922851562500568e+01 -8.115800000000000125e+01
8.010927734374999432e+01 -8.169499999999999318e+01
8.010932617187499716e+01 -8.134199999999999875e+01
8.010937500000000000e+01 -8.058599999999999852e+01
8.010942382812500284e+01 -8.238700000000000045e+01
8.010947265625000568e+01 -8.210299999999999443e+01
8.010952148437499432e+01 -8.028400000000000603e+01
8.010957031249999716e+01 -8.245499999999999829e+01
8.010961914062500000e+01 -8.285800000000000409e+01
8.010966796875000284e+01 -8.140699999999999648e+01
8.010971679687500568e+01 -8.267499999999999716e+01
8.010976562499999432e+01 -8.105200000000000671e+01
8.010981445312499716e+01 -8.141700000000000159e+01
8.010986328125000000e+01 -8.229000000000000625e+01
8.010991210937500284e+01 -8.111499999999999488e+01
8.010996093750000568e+01 -8.192499999999999716e+01
8.011000976562499432e+01 -8.175900000000000034e+01
8.011005859374999716e+01 -8.174699999999999989e+01
8.011010742187500000e+01 -8.233100000000000307e+01
8.011015625000000284e+01 -8.179399999999999693e+01
8.011020507812500568e+01 -8.264199999999999591e+01
8.011025390624999432e+01 -8.152500000000000568e+01
8.011030273437499716e+01 -8.230200000000000671e+01
8.011035156250000000e+01 -8.306600000000000250e+01
8.011040039062500284e+01 -8.156199999999999761e+01
8.011044921875000568e+01 -8.168999999999999773e+01
8.011049804687499432e+01 -8.259399999999999409e+01
8.011054687499999716e+01 -8.164300000000000068e+01
8.011059570312500000e+01 -8.276000000000000512e+01
8.011064453125000284e+01 -8.288899999999999579e+01
8.011069335937500568e+01 -8.203799999999999670e+01
8.011074218749999432e+01 -8.213500000000000512e+01
8.011079101562499716e+01 -8.150300000000000011e+01
8.011083984375000000e+01 -8.115500000000000114e+01
8.011088867187500284e+01 -8.158899999999999864e+01
8.011093750000000568e+01 -8.362199999999999989e+01
8.011098632812499432e+01 -8.209600000000000364e+01
8.011103515624999716e+01 -8.110699999999999932e+01
8.011108398437500000e+01 -8.225199999999999534e+01
8.011113281250000284e+01 -8.180599999999999739e+01
8.011118164062500568e+01 -8.160599999999999454e+01
8.011123046874999432e+01 -8.121299999999999386e+01
8.011127929687499716e+01 -8.027599999999999625e+01
8.011132812500000000e+01 -8.222899999999999920e+01
8.011137695312500284e+01 -8.278600000000000136e+01
8.011142578125000568e+01 -8.243399999999999750e+01
8.011147460937499432e+01 -8.073999999999999488e+01
8.011152343749999716e+01 -8.171599999999999397e+01
8.011157226562500000e+01 -8.187600000000000477e+01
8.011162109375000284e+01 -8.144299999999999784e+01
8.011166992187500568e+01 -8.229600000000000648e+01
8.011171874999999432e+01 -8.139400000000000546e+01
8.011176757812499716e+01 -8.164199999999999591e+01
8.011181640625000000e+01 -8.285699999999999932e+01
8.011186523437500284e+01 -8.221500000000000341e+01
8.011191406250000568e+01 -8.074599999999999511e+01
8.011196289062499432e+01 -8.241800000000000637e+01
8.011201171874999716e+01 -8.317600000000000193e+01
8.011206054687500000e+01 -8.165000000000000568e+01
8.011210937500000284e+01 -8.258100000000000307e+01
8.011215820312500568e+01 -8.164799999999999613e+01
8.011220703124999432e+01 -8.147100000000000364e+01
8.011225585937499716e+01 -8.164400000000000546e+01
8.011230468750000000e+01 -8.096500000000000341e+01
8.011235351562500284e+01 -8.146099999999999852e+01
8.011240234375000568e+01 -8.214799999999999613e+01
8.011245117187499432e+01 -8.086100000000000421e+01
8.011249999999999716e+01 -8.102800000000000580e+01
8.011254882812500000e+01 -8.241899999999999693e+01
8.011259765625000284e+01 -8.359600000000000364e+01
8.011264648437500568e+01 -8.050000000000000000e+01
8.011269531249999432e+01 -8.210899999999999466e+01
8.011274414062499716e+01 -8.132500000000000284e+01
8.011279296875000000e+01 -8.123499999999999943e+01
8.011284179687500284e+01 -8.091100000000000136e+01
8.011289062500000568e+01 -7.967100000000000648e+01
8.011293945312499432e+01 -7.955299999999999727e+01
8.011298828124999716e+01 -8.062999999999999545e+01
8.011303710937500000e+01 -8.118300000000000693e+01
8.011308593750000284e+01 -8.108299999999999841e+01
8.011313476562500568e+01 -8.068600000000000705e+01
8.011318359374999432e+01 -7.956600000000000250e+01
8.011323242187499716e+01 -8.030400000000000205e+01
8.011328125000000000e+01 -7.972100000000000364e+01
8.011333007812500284e+01 -7.997100000000000364e+01
8.011337890625000568e+01 -7.978400000000000603e+01
8.011342773437499432e+01 -7.911100000000000421e+01
8.011347656249999716e+01 -7.937099999999999511e+01
8.011352539062500000e+01 -7.906999999999999318e+01
8.011357421875000284e+01 -7.758199999999999363e+01
8.011362304687500568e+01 -7.833199999999999363e+01
8.011367187499999432e+01 -7.935099999999999909e+01
8.011372070312499716e+01 -7.866400000000000148e+01
8.011376953125000000e+01 -7.804099999999999682e+01
8.011381835937500284e+01 -7.813700000000000045e+01
8.011386718750000568e+01 -7.707699999999999818e+01
8.011391601562499432e+01 -7.744400000000000261e+01
8.011396484374999716e+01 -7.813500000000000512e+01
8.011401367187500000e+01 -7.705800000000000693e+01
8.011406250000000284e+01 -7.678700000000000614e+01
8.011411132812500568e+01 -7.596599999999999397e+01
8.011416015624999432e+01 -7.577899999999999636e+01
8.011420898437499716e+01 -7.568699999999999761e+01
8.011425781250000000e+01 -7.693300000000000693e+01
8.011430664062500284e+01 -7.380899999999999750e+01
8.011435546875000568e+01 -7.552400000000000091e+01
8.011440429687499432e+01 -7.394100000000000250e+01
8.011445312499999716e+01 -7.384600000000000364e+01
8.011450195312500000e+01 -7.335899999999999466e+01
8.011455078125000284e+01 -7.322799999999999443e+01
8.011459960937500568e+01 -7.407200000000000273e+01
8.011464843749999432e+01 -7.437699999999999534e+01
8.011469726562499716e+01 -7.520799999999999841e+01
8.011474609375000000e+01 -7.608100000000000307e+01
8.011479492187500284e+01 -7.719899999999999807e+01
8.011484375000000568e+01 -7.634300000000000352e+01
8.011489257812499432e+01 -7.659600000000000364e+01
8.011494140624999716e+01 -7.724399999999999977e+01
8.011499023437500000e+01 -7.708799999999999386e+01
8.011503906250000284e+01 -7.859199999999999875e+01
8.011508789062500568e+01 -7.823099999999999454e+01
8.011513671874999432e+01 -7.940900000000000603e+01
8.011518554687499716e+01 -7.871999999999999886e+01
8.011523437500000000e+01 -7.923300000000000409e+01
8.011528320312500284e+01 -7.953400000000000603e+01
8.011533203125000568e+01 -7.919899999999999807e+01
8.011538085937499432e+01 -8.121099999999999852e+01
8.011542968749999716e+01 -7.935200000000000387e+01
8.011547851562500000e+01 -7.956000000000000227e+01
8.011552734375000284e+01 -8.043500000000000227e+01
8.011557617187500568e+01 -8.115600000000000591e+01
8.011562499999999432e+01 -8.012999999999999545e+01
8.011567382812499716e+01 -8.227899999999999636e+01
8.011572265625000000e+01 -8.223600000000000421e+01
8.011577148437500284e+01 -8.253799999999999670e+01
8.011582031250000568e+01 -8.177400000000000091e+01
8.011586914062499432e+01 -8.319100000000000250e+01
8.011591796874999716e+01 -8.133499999999999375e+01
8.011596679687500000e+01 -8.315099999999999625e+01
8.011601562500000284e+01 -8.302599999999999625e+01
8.011606445312500568e+01 -8.122700000000000387e+01
8.011611328124999432e+01 -8.246800000000000352e+01
8.011616210937499716e+01 -8.261700000000000443e+01
8.011621093750000000e+01 -8.254099999999999682e+01
8.011625976562500284e+01 -8.399299999999999500e+01
8.011630859375000568e+01 -8.334900000000000375e+01
8.011635742187499432e+01 -8.227299999999999613e+01
8.011640624999999716e+01 -8.332699999999999818e+01
8.011645507812500000e+01 -8.364400000000000546e+01
8.011650390625000284e+01 -8.418999999999999773e+01
8.011655273437500568e+01 -8.383499999999999375e+01
8.011660156249999432e+01 -8.516100000000000136e+01
8.011665039062499716e+01 -8.358599999999999852e+01
8.011669921875000000e+01 -8.418999999999999773e+01
8.011674804687500284e+01 -8.444799999999999329e+01
8.011679687500000568e+01 -8.446999999999999886e+01
8.011684570312499432e+01 -8.376200000000000045e+01
8.011689453124999716e+01 -8.346299999999999386e+01
8.011694335937500000e+01 -8.362300000000000466e+01
8.011699218750000284e+01 -8.405700000000000216e+01
8.011704101562500568e+01 -8.494199999999999307e+01
8.011708984374999432e+01 -8.496599999999999397e+01
8.011713867187499716e+01 -8.487000000000000455e+01
8.011718750000000000e+01 -8.417400000000000659e+01
8.011723632812500284e+01 -8.546200000000000330e+01
8.011728515625000568e+01 -8.372899999999999920e+01
8.011733398437499432e+01 -8.490699999999999648e+01
8.011738281249999716e+01 -8.507399999999999807e+01
8.011743164062500000e+01 -8.473799999999999955e+01
8.011748046875000284e+01 -8.530100000000000193e+01
8.011752929687500568e+01 -8.572100000000000364e+01
8.011757812499999432e+01 -8.539400000000000546e+01
8.011762695312499716e+01 -8.570600000000000307e+01
8.011767578125000000e+01 -8.466500000000000625e+01
8.011772460937500284e+01 -8.383700000000000330e+01
8.011777343750000568e+01 -8.495300000000000296e+01
8.011782226562499432e+01 -8.566899999999999693e+01
8.011787109374999716e+01 -8.510299999999999443e+01
8.011791992187500000e+01 -8.529600000000000648e+01
8.011796875000000284e+01 -8.507200000000000273e+01
8.011801757812500568e+01 -8.568399999999999750e+01
8.011806640624999432e+01 -8.548799999999999955e+01
8.011811523437499716e+01 -8.393899999999999295e+01
8.011816406250000000e+01 -8.449299999999999500e+01
8.011821289062500284e+01 -8.632899999999999352e+01
8.011826171875000568e+01 -8.532800000000000296e+01
8.011831054687499432e+01 -8.437399999999999523e+01
8.011835937499999716e+01 -8.526800000000000068e+01
8.011840820312500000e+01 -8.582299999999999329e+01
8.011845703125000284e+01 -8.568999999999999773e+01
8.011850585937500568e+01 -8.511799999999999500e+01
8.011855468749999432e+01 -8.570900000000000318e+01
8.011860351562499716e+01 -8.558499999999999375e+01
8.011865234375000000e+01 -8.470000000000000284e+01
8.011870117187500284e+01 -8.410699999999999932e+01
8.011875000000000568e+01 -8.612600000000000477e+01
8.011879882812499432e+01 -8.471200000000000330e+01
8.011884765624999716e+01 -8.404000000000000625e+01
8.011889648437500000e+01 -8.400300000000000011e+01
8.011894531250000284e+01 -8.432099999999999795e+01
8.011899414062500568e+01 -8.559600000000000364e+01
8.011904296874999432e+01 -8.587699999999999534e+01
8.011909179687499716e+01 -8.566800000000000637e+01
8.011914062500000000e+01 -8.572199999999999420e+01
8.011918945312500284e+01 -8.596200000000000330e+01
8.011923828125000568e+01 -8.482299999999999329e+01
8.011928710937499432e+01 -8.596399999999999864e+01
8.011933593749999716e+01 -8.574200000000000443e+01
8.011938476562500000e+01 -8.584600000000000364e+01
8.011943359375000284e+01 -8.614799999999999613e+01
8.011948242187500568e+01 -8.545099999999999341e+01
8.011953124999999432e+01 -8.431600000000000250e+01
8.011958007812499716e+01 -8.612600000000000477e+01
8.011962890625000000e+01 -8.568200000000000216e+01
8.011967773437500284e+01 -8.570999999999999375e+01
8.011972656250000568e+01 -8.600400000000000489e+01
8.011977539062499432e+01 -8.574699999999999989e+01
8.011982421874999716e+01 -8.620199999999999818e+01
8.011987304687500000e+01 -8.524200000000000443e+01
8.011992187500000284e+01 -8.622799999999999443e+01
8.011997070312500568e+01 -8.507200000000000273e+01
8.012001953124999432e+01 -8.539600000000000080e+01
8.012006835937499716e+01 -8.647400000000000375e+01
8.012011718750000000e+01 -8.688700000000000045e+01
8.012016601562500284e+01 -8.601800000000000068e+01
8.012021484375000568e+01 -8.681900000000000261e+01
8.012026367187499432e+01 -8.542700000000000671e+01
8.012031249999999716e+01 -8.679300000000000637e+01
8.012036132812500000e+01 -8.481199999999999761e+01
8.012041015625000284e+01 -8.509000000000000341e+01
8.012045898437500568e+01 -8.537600000000000477e+01
8.012050781249999432e+01 -8.641299999999999670e+01
8.012055664062499716e+01 -8.636599999999999966e+01
8.012060546875000000e+01 -8.578700000000000614e+01
8.012065429687500284e+01 -8.536899999999999977e+01
8.012070312500000568e+01 -8.663400000000000034e+01
8.012075195312499432e+01 -8.448600000000000421e+01
8.012080078124999716e+01 -8.493000000000000682e+01
8.012084960937500000e+01 -8.452299999999999613e+01
8.012089843750000284e+01 -8.481999999999999318e+01
8.012094726562500568e+01 -8.508299999999999841e+01
8.012099609374999432e+01 -8.632200000000000273e+01
8.012104492187499716e+01 -8.611499999999999488e+01
8.012109375000000000e+01 -8.594299999999999784e+01
8.012114257812500284e+01 -8.655800000000000693e+01
8.012119140625000568e+01 -8.498399999999999466e+01
8.012124023437499432e+01 -8.692400000000000659e+01
8.012128906249999716e+01 -8.661700000000000443e+01
8.012133789062500000e+01 -8.576099999999999568e+01
8.012138671875000284e+01 -8.511599999999999966e+01
8.012143554687500568e+01 -8.622899999999999920e+01
8.012148437499999432e+01 -8.622499999999999432e+01
8.012153320312499716e+01 -8.675900000000000034e+01
8.012158203125000000e+01 -8.772599999999999909e+01
8.012163085937500284e+01 -8.594199999999999307e+01
8.012167968750000568e+01 -8.604999999999999716e+01
8.012172851562499432e+01 -8.573199999999999932e+01
8.012177734374999716e+01 -8.524699999999999989e+01
8.012182617187500000e+01 -8.762399999999999523e+01
8.012187500000000284e+01 -8.580100000000000193e+01
8.012192382812500568e+01 -8.498199999999999932e+01
8.012197265624999432e+01 -8.584900000000000375e+01
8.012202148437499716e+01 -8.459900000000000375e+01
8.012207031250000000e+01 -8.521299999999999386e+01
8.012211914062500284e+01 -8.574500000000000455e+01
8.012216796875000568e+01 -8.425300000000000011e+01
8.012221679687499432e+01 -8.687199999999999989e+01
8.012226562499999716e+01 -8.633700000000000330e+01
8.012231445312500000e+01 -8.504999999999999716e+01
8.012236328125000284e+01 -8.476900000000000546e+01
8.012241210937500568e+01 -8.641100000000000136e+01
8.012246093749999432e+01 -8.706499999999999773e+01
8.012250976562499716e+01 -8.631999999999999318e+01
8.012255859375000000e+01 -8.558700000000000330e+01
8.012260742187500284e+01 -8.544299999999999784e+01
8.012265625000000568e+01 -8.673900000000000432e+01
8.012270507812499432e+01 -8.523099999999999454e+01
8.012275390624999716e+01 -8.639600000000000080e+01
8.012280273437500000e+01 -8.604399999999999693e+01
8.012285156250000284e+01 -8.613599999999999568e+01
8.012290039062500568e+01 -8.624099999999999966e+01
8.012294921874999432e+01 -8.550600000000000023e+01
8.012299804687499716e+01 -8.586100000000000421e+01
8.012304687500000000e+01 -8.650499999999999545e+01
8.012309570312500284e+01 -8.580200000000000671e+01
8.012314453125000568e+01 -8.665600000000000591e+01
8.012319335937499432e+01 -8.601200000000000045e+01
8.012324218749999716e+01 -8.644700000000000273e+01
8.012329101562500000e+01 -8.614700000000000557e+01
8.012333984375000284e+01 -8.629900000000000659e+01
8.012338867187500568e+01 -8.587900000000000489e+01
8.012343749999999432e+01 -8.691400000000000148e+01
8.012348632812499716e+01 -8.583299999999999841e+01
8.012353515625000000e+01 -8.592700000000000671e+01
8.012358398437500284e+01 -8.631100000000000705e+01
8.012363281250000568e+01 -8.532500000000000284e+01
8.012368164062499432e+01 -8.636199999999999477e+01
8.012373046874999716e+01 -8.598799999999999955e+01
8.012377929687500000e+01 -8.590200000000000102e+01
8.012382812500000284e+01 -8.624299999999999500e+01
8.012387695312500568e+01 -8.677899999999999636e+01
8.012392578124999432e+01 -8.598900000000000432e+01
8.012397460937499716e+01 -8.606000000000000227e+01
8.012402343750000000e+01 -8.489400000000000546e+01
8.012407226562500284e+01 -8.751500000000000057e+01
8.012412109375000568e+01 -8.646800000000000352e+01
8.012416992187499432e+01 -8.548099999999999454e+01
8.012421874999999716e+01 -8.310500000000000398e+01
8.012426757812500000e+01 -8.799699999999999989e+01
8.012431640625000284e+01 -8.729999999999999716e+01
8.012436523437500568e+01 -8.531999999999999318e+01
8.012441406249999432e+01 -8.516299999999999670e+01
8.012446289062499716e+01 -8.644100000000000250e+01
8.012451171875000000e+01 -8.523099999999999454e+01
8.012456054687500284e+01 -8.625199999999999534e+01
8.012460937500000568e+01 -8.639400000000000546e+01
8.012465820312499432e+01 -8.629399999999999693e+01
8.012470703124999716e+01 -8.550100000000000477e+01
8.012475585937500000e+01 -8.605100000000000193e+01
8.012480468750000284e+01 -8.581300000000000239e+01
8.012485351562500568e+01 -8.690999999999999659e+01
8.012490234374999432e+01 -8.573600000000000421e+01
8.012495117187499716e+01 -8.560599999999999454e+01
