8.007500000000000284e+01 -8.687999999999999545e+01
8.007504882812500568e+01 -8.429699999999999704e+01
8.007509765624999432e+01 -8.624599999999999511e+01
8.007514648437499716e+01 -8.396599999999999397e+01
8.007519531250000000e+01 -8.545799999999999841e+01
8.007524414062500284e+01 -8.608700000000000330e+01
8.007529296875000568e+01 -8.489300000000000068e+01
8.007534179687499432e+01 -8.476500000000000057e+01
8.007539062499999716e+01 -8.609099999999999397e+01
8.007543945312500000e+01 -8.381799999999999784e+01
8.007548828125000284e+01 -8.506900000000000261e+01
8.007553710937500568e+01 -8.401699999999999591e+01
8.007558593749999432e+01 -8.511199999999999477e+01
8.007563476562499716e+01 -8.375900000000000034e+01
8.007568359375000000e+01 -8.540900000000000603e+01
8.007573242187500284e+01 -8.499599999999999511e+01
8.007578125000000568e+01 -8.484799999999999898e+01
8.007583007812499432e+01 -8.476500000000000057e+01
8.007587890624999716e+01 -8.512999999999999545e+01
8.007592773437500000e+01 -8.514499999999999602e+01
8.007597656250000284e+01 -8.409399999999999409e+01
8.007602539062500568e+01 -8.491599999999999682e+01
8.007607421874999432e+01 -8.570900000000000318e+01
8.007612304687499716e+01 -8.414400000000000546e+01
8.007617187500000000e+01 -8.502700000000000102e+01
8.007622070312500284e+01 -8.544400000000000261e+01
8.007626953125000568e+01 -8.601300000000000523e+01
8.007631835937499432e+01 -8.579600000000000648e+01
8.007636718749999716e+01 -8.490000000000000568e+01
8.007641601562500000e+01 -8.531600000000000250e+01
8.007646484375000284e+01 -8.483700000000000330e+01
8.007651367187500568e+01 -8.510500000000000398e+01
8.007656249999999432e+01 -8.684300000000000352e+01
8.007661132812499716e+01 -8.447199999999999420e+01
8.007666015625000000e+01 -8.522100000000000364e+01
8.007670898437500284e+01 -8.523900000000000432e+01
8.007675781250000568e+01 -8.557999999999999829e+01
8.007680664062499432e+01 -8.453300000000000125e+01
8.007685546874999716e+01 -8.447499999999999432e+01
8.007690429687500000e+01 -8.523999999999999488e+01
8.007695312500000284e+01 -8.489499999999999602e+01
8.007700195312500568e+01 -8.562999999999999545e+01
8.007705078124999432e+01 -8.540399999999999636e+01
8.007709960937499716e+01 -8.477100000000000080e+01
8.007714843750000000e+01 -8.601399999999999579e+01
8.007719726562500284e+01 -8.601500000000000057e+01
8.007724609375000568e+01 -8.636199999999999477e+01
8.007729492187499432e+01 -8.532299999999999329e+01
8.007734374999999716e+01 -8.615300000000000580e+01
8.007739257812500000e+01 -8.494799999999999329e+01
8.007744140625000284e+01 -8.476999999999999602e+01
8.007749023437500568e+01 -8.527100000000000080e+01
8.007753906249999432e+01 -8.576300000000000523e+01
8.007758789062499716e+01 -8.616800000000000637e+01
8.007763671875000000e+01 -8.497199999999999420e+01
8.007768554687500284e+01 -8.619799999999999329e+01
8.007773437500000568e+01 -8.529800000000000182e+01
8.007778320312499432e+01 -8.439100000000000534e+01
8.007783203124999716e+01 -8.591599999999999682e+01
8.007788085937500000e+01 -8.458899999999999864e+01
8.007792968750000284e+01 -8.470300000000000296e+01
8.007797851562500568e+01 -8.428600000000000136e+01
8.007802734374999432e+01 -8.632899999999999352e+01
8.007807617187499716e+01 -8.491700000000000159e+01
8.007812500000000000e+01 -8.544100000000000250e+01
8.007817382812500284e+01 -8.534999999999999432e+01
8.007822265625000568e+01 -8.467799999999999727e+01
8.007827148437499432e+01 -8.538599999999999568e+01
8.007832031249999716e+01 -8.638500000000000512e+01
8.007836914062500000e+01 -8.509199999999999875e+01
8.007841796875000284e+01 -8.466500000000000625e+01
8.007846679687500568e+01 -8.528499999999999659e+01
8.007851562499999432e+01 -8.400700000000000500e+01
8.007856445312499716e+01 -8.576300000000000523e+01
8.007861328125000000e+01 -8.687500000000000000e+01
8.007866210937500284e+01 -8.499800000000000466e+01
8.007871093750000568e+01 -8.498699999999999477e+01
8.007875976562499432e+01 -8.616700000000000159e+01
8.007880859374999716e+01 -8.558400000000000318e+01
8.007885742187500000e+01 -8.512999999999999545e+01
8.007890625000000284e+01 -8.480100000000000193e+01
8.007895507812500568e+01 -8.457599999999999341e+01
8.007900390624999432e+01 -8.465999999999999659e+01
8.007905273437499716e+01 -8.473099999999999454e+01
8.007910156250000000e+01 -8.571299999999999386e+01
8.007915039062500284e+01 -8.554200000000000159e+01
8.007919921875000568e+01 -8.517700000000000671e+01
8.007924804687499432e+01 -8.484699999999999420e+01
8.007929687499999716e+01 -8.579200000000000159e+01
8.007934570312500000e+01 -8.522400000000000375e+01
8.007939453125000284e+01 -8.571999999999999886e+01
8.007944335937500568e+01 -8.398099999999999454e+01
8.007949218749999432e+01 -8.412300000000000466e+01
8.007954101562499716e+01 -8.376000000000000512e+01
8.007958984375000000e+01 -8.361700000000000443e+01
8.007963867187500284e+01 -8.466899999999999693e+01
8.007968750000000568e+01 -8.417199999999999704e+01
8.007973632812499432e+01 -8.504099999999999682e+01
8.007978515624999716e+01 -8.569400000000000261e+01
8.007983398437500000e+01 -8.463299999999999557e+01
8.007988281250000284e+01 -8.528700000000000614e+01
8.007993164062500568e+01 -8.484699999999999420e+01
8.007998046874999432e+01 -8.476999999999999602e+01
8.008002929687499716e+01 -8.401800000000000068e+01
8.008007812500000000e+01 -8.614499999999999602e+01
8.008012695312500284e+01 -8.426600000000000534e+01
8.008017578125000568e+01 -8.386700000000000443e+01
8.008022460937499432e+01 -8.578199999999999648e+01
8.008027343749999716e+01 -8.577899999999999636e+01
8.008032226562500000e+01 -8.467100000000000648e+01
8.008037109375000284e+01 -8.475400000000000489e+01
8.008041992187500568e+01 -8.449500000000000455e+01
8.008046874999999432e+01 -8.493300000000000693e+01
8.008051757812499716e+01 -8.627700000000000102e+01
8.008056640625000000e+01 -8.455899999999999750e+01
8.008061523437500284e+01 -8.414400000000000546e+01
8.008066406250000568e+01 -8.465000000000000568e+01
8.008071289062499432e+01 -8.521299999999999386e+01
8.008076171874999716e+01 -8.419199999999999307e+01
8.008081054687500000e+01 -8.435099999999999909e+01
8.008085937500000284e+01 -8.324200000000000443e+01
8.008090820312500568e+01 -8.372700000000000387e+01
8.008095703124999432e+01 -8.416599999999999682e+01
8.008100585937499716e+01 -8.405899999999999750e+01
8.008105468750000000e+01 -8.411799999999999500e+01
8.008110351562500284e+01 -8.434499999999999886e+01
8.008115234375000568e+01 -8.387500000000000000e+01
8.008120117187499432e+01 -8.394599999999999795e+01
8.008124999999999716e+01 -8.375400000000000489e+01
8.008129882812500000e+01 -8.257200000000000273e+01
8.008134765625000284e+01 -8.340999999999999659e+01
8.008139648437500568e+01 -8.430899999999999750e+01
8.008144531249999432e+01 -8.417799999999999727e+01
8.008149414062499716e+01 -8.431499999999999773e+01
8.008154296875000000e+01 -8.464199999999999591e+01
8.008159179687500284e+01 -8.411199999999999477e+01
8.008164062500000568e+01 -8.519100000000000250e+01
8.008168945312499432e+01 -8.405899999999999750e+01
8.008173828124999716e+01 -8.345099999999999341e+01
8.008178710937500000e+01 -8.376300000000000523e+01
8.008183593750000284e+01 -8.301099999999999568e+01
8.008188476562500568e+01 -8.324500000000000455e+01
8.008193359374999432e+01 -8.336899999999999977e+01
8.008198242187499716e+01 -8.281300000000000239e+01
8.008203125000000000e+01 -8.262300000000000466e+01
8.008208007812500284e+01 -8.306300000000000239e+01
8.008212890625000568e+01 -8.444100000000000250e+01
8.008217773437499432e+01 -8.312800000000000011e+01
8.008222656249999716e+01 -8.412900000000000489e+01
8.008227539062500000e+01 -8.314799999999999613e+01
8.008232421875000284e+01 -8.379099999999999682e+01
8.008237304687500568e+01 -8.368899999999999295e+01
8.008242187499999432e+01 -8.218600000000000705e+01
8.008247070312499716e+01 -8.328700000000000614e+01
8.008251953125000000e+01 -8.345900000000000318e+01
8.008256835937500284e+01 -8.294199999999999307e+01
8.008261718750000568e+01 -8.342400000000000659e+01
8.008266601562499432e+01 -8.387900000000000489e+01
8.008271484374999716e+01 -8.244899999999999807e+01
8.008276367187500000e+01 -8.261400000000000432e+01
8.008281250000000284e+01 -8.066800000000000637e+01
8.008286132812500568e+01 -8.239400000000000546e+01
8.008291015624999432e+01 -8.216299999999999670e+01
8.008295898437499716e+01 -8.110399999999999920e+01
8.008300781250000000e+01 -8.157399999999999807e+01
8.008305664062500284e+01 -8.056100000000000705e+01
8.008310546875000568e+01 -8.143500000000000227e+01
8.008315429687499432e+01 -8.058599999999999852e+01
8.008320312499999716e+01 -7.974399999999999977e+01
8.008325195312500000e+01 -8.049399999999999977e+01
8.008330078125000284e+01 -7.984900000000000375e+01
8.008334960937500568e+01 -8.056799999999999784e+01
8.008339843749999432e+01 -7.927599999999999625e+01
8.008344726562499716e+01 -7.957200000000000273e+01
8.008349609375000000e+01 -7.901399999999999579e+01
8.008354492187500284e+01 -7.926999999999999602e+01
8.008359375000000568e+01 -7.840399999999999636e+01
8.008364257812499432e+01 -7.980400000000000205e+01
8.008369140624999716e+01 -7.929699999999999704e+01
8.008374023437500000e+01 -7.850000000000000000e+01
8.008378906250000284e+01 -7.697299999999999898e+01
8.008383789062500568e+01 -7.814000000000000057e+01
8.008388671874999432e+01 -7.801800000000000068e+01
8.008393554687499716e+01 -7.970699999999999363e+01
8.008398437500000000e+01 -7.816599999999999682e+01
8.008403320312500284e+01 -7.821800000000000352e+01
8.008408203125000568e+01 -7.866899999999999693e+01
8.008413085937499432e+01 -7.699899999999999523e+01
8.008417968749999716e+01 -7.695900000000000318e+01
8.008422851562500000e+01 -7.713200000000000500e+01
8.008427734375000284e+01 -7.668500000000000227e+01
8.008432617187500568e+01 -7.604099999999999682e+01
8.008437499999999432e+01 -7.465200000000000102e+01
8.008442382812499716e+01 -7.454800000000000182e+01
8.008447265625000000e+01 -7.432099999999999795e+01
8.008452148437500284e+01 -7.353499999999999659e+01
8.008457031250000568e+01 -7.503700000000000614e+01
8.008461914062499432e+01 -7.398099999999999454e+01
8.008466796874999716e+01 -7.398199999999999932e+01
8.008471679687500000e+01 -7.370000000000000284e+01
8.008476562500000284e+01 -7.231699999999999307e+01
8.008481445312500568e+01 -7.111400000000000432e+01
8.008486328124999432e+01 -7.144100000000000250e+01
8.008491210937499716e+01 -7.117000000000000171e+01
8.008496093750000000e+01 -6.984499999999999886e+01
8.008500976562500284e+01 -7.060899999999999466e+01
8.008505859375000568e+01 -6.860899999999999466e+01
8.008510742187499432e+01 -6.942300000000000182e+01
8.008515624999999716e+01 -6.896599999999999397e+01
8.008520507812500000e+01 -6.919799999999999329e+01
8.008525390625000284e+01 -6.863200000000000500e+01
8.008530273437500568e+01 -6.769199999999999307e+01
8.008535156249999432e+01 -6.964000000000000057e+01
8.008540039062499716e+01 -6.948699999999999477e+01
8.008544921875000000e+01 -7.022199999999999420e+01
8.008549804687500284e+01 -6.888700000000000045e+01
8.008554687500000568e+01 -7.104600000000000648e+01
8.008559570312499432e+01 -7.101600000000000534e+01
8.008564453124999716e+01 -7.153400000000000603e+01
8.008569335937500000e+01 -7.097700000000000387e+01
8.008574218750000284e+01 -7.086799999999999500e+01
8.008579101562500568e+01 -7.175900000000000034e+01
8.008583984374999432e+01 -7.156000000000000227e+01
8.008588867187499716e+01 -7.135099999999999909e+01
8.008593750000000000e+01 -7.417300000000000182e+01
8.008598632812500284e+01 -7.242300000000000182e+01
8.008603515625000568e+01 -7.267199999999999704e+01
8.008608398437499432e+01 -7.320000000000000284e+01
8.008613281249999716e+01 -7.415900000000000603e+01
8.008618164062500000e+01 -7.386700000000000443e+01
8.008623046875000284e+01 -7.475000000000000000e+01
8.008627929687500568e+01 -7.416899999999999693e+01
8.008632812499999432e+01 -7.420900000000000318e+01
8.008637695312499716e+01 -7.511599999999999966e+01
8.008642578125000000e+01 -7.416200000000000614e+01
8.008647460937500284e+01 -7.470099999999999341e+01
8.008652343750000568e+01 -7.550799999999999557e+01
8.008657226562499432e+01 -7.598099999999999454e+01
8.008662109374999716e+01 -7.697499999999999432e+01
8.008666992187500000e+01 -7.672299999999999898e+01
8.008671875000000284e+01 -7.644499999999999318e+01
8.008676757812500568e+01 -7.686199999999999477e+01
8.008681640624999432e+01 -7.681900000000000261e+01
8.008686523437499716e+01 -7.754600000000000648e+01
8.008691406250000000e+01 -7.701600000000000534e+01
8.008696289062500284e+01 -7.697400000000000375e+01
8.008701171875000568e+01 -7.695699999999999363e+01
8.008706054687499432e+01 -7.706799999999999784e+01
8.008710937499999716e+01 -7.730599999999999739e+01
8.008715820312500000e+01 -7.731000000000000227e+01
8.008720703125000284e+01 -7.828799999999999670e+01
8.008725585937500568e+01 -7.938100000000000023e+01
8.008730468749999432e+01 -7.995300000000000296e+01
8.008735351562499716e+01 -7.805500000000000682e+01
8.008740234375000000e+01 -7.967400000000000659e+01
8.008745117187500284e+01 -7.794599999999999795e+01
8.008750000000000568e+01 -7.885099999999999909e+01
8.008754882812499432e+01 -7.846099999999999852e+01
8.008759765624999716e+01 -7.927899999999999636e+01
8.008764648437500000e+01 -7.795099999999999341e+01
8.008769531250000284e+01 -8.018500000000000227e+01
8.008774414062500568e+01 -7.973399999999999466e+01
8.008779296874999432e+01 -8.008499999999999375e+01
8.008784179687499716e+01 -7.949699999999999989e+01
8.008789062500000000e+01 -7.935099999999999909e+01
8.008793945312500284e+01 -7.908499999999999375e+01
8.008798828125000568e+01 -7.989600000000000080e+01
8.008803710937499432e+01 -7.859699999999999420e+01
8.008808593749999716e+01 -7.900799999999999557e+01
8.008813476562500000e+01 -7.959999999999999432e+01
8.008818359375000284e+01 -7.916899999999999693e+01
8.008823242187500568e+01 -7.941700000000000159e+01
8.008828124999999432e+01 -7.913400000000000034e+01
8.008833007812499716e+01 -7.950100000000000477e+01
8.008837890625000000e+01 -8.066800000000000637e+01
8.008842773437500284e+01 -7.997100000000000364e+01
8.008847656250000568e+01 -8.147299999999999898e+01
8.008852539062499432e+01 -8.091400000000000148e+01
8.008857421874999716e+01 -8.109699999999999420e+01
8.008862304687500000e+01 -8.010099999999999909e+01
8.008867187500000284e+01 -7.940300000000000580e+01
8.008872070312500568e+01 -7.971699999999999875e+01
8.008876953124999432e+01 -7.959000000000000341e+01
8.008881835937499716e+01 -8.156199999999999761e+01
8.008886718750000000e+01 -8.079999999999999716e+01
8.008891601562500284e+01 -8.028499999999999659e+01
8.008896484375000568e+01 -8.006600000000000250e+01
8.008901367187499432e+01 -8.048000000000000398e+01
8.008906249999999716e+01 -8.042799999999999727e+01
8.008911132812500000e+01 -7.942400000000000659e+01
8.008916015625000284e+01 -8.149599999999999511e+01
8.008920898437500568e+01 -8.116500000000000625e+01
8.008925781249999432e+01 -8.110800000000000409e+01
8.008930664062499716e+01 -8.038500000000000512e+01
8.008935546875000000e+01 -7.928799999999999670e+01
8.008940429687500284e+01 -7.980800000000000693e+01
8.008945312500000568e+01 -7.865900000000000603e+01
8.008950195312499432e+01 -7.979600000000000648e+01
8.008955078124999716e+01 -8.121899999999999409e+01
8.008959960937500000e+01 -8.065099999999999625e+01
8.008964843750000284e+01 -8.012699999999999534e+01
8.008969726562500568e+01 -8.095300000000000296e+01
8.008974609374999432e+01 -8.009900000000000375e+01
8.008979492187499716e+01 -8.025400000000000489e+01
8.008984375000000000e+01 -8.226999999999999602e+01
8.008989257812500284e+01 -8.175100000000000477e+01
8.008994140625000568e+01 -7.951600000000000534e+01
8.008999023437499432e+01 -8.043300000000000693e+01
8.009003906249999716e+01 -8.083100000000000307e+01
8.009008789062500000e+01 -8.078199999999999648e+01
8.009013671875000284e+01 -8.162399999999999523e+01
8.009018554687500568e+01 -8.142799999999999727e+01
8.009023437499999432e+01 -8.054000000000000625e+01
8.009028320312499716e+01 -8.110599999999999454e+01
8.009033203125000000e+01 -8.113800000000000523e+01
8.009038085937500284e+01 -8.059799999999999898e+01
8.009042968750000568e+01 -8.177700000000000102e+01
8.009047851562499432e+01 -8.055800000000000693e+01
8.009052734374999716e+01 -8.074200000000000443e+01
8.009057617187500000e+01 -8.012699999999999534e+01
8.009062500000000284e+01 -8.173099999999999454e+01
8.009067382812500568e+01 -8.038200000000000500e+01
8.009072265624999432e+01 -8.139900000000000091e+01
8.009077148437499716e+01 -8.139199999999999591e+01
8.009082031250000000e+01 -7.992600000000000193e+01
8.009086914062500284e+01 -8.130899999999999750e+01
8.009091796875000568e+01 -7.987300000000000466e+01
8.009096679687499432e+01 -8.078799999999999670e+01
8.009101562499999716e+01 -8.148399999999999466e+01
8.009106445312500000e+01 -8.011400000000000432e+01
8.009111328125000284e+01 -8.087900000000000489e+01
8.009116210937500568e+01 -8.141100000000000136e+01
8.009121093749999432e+01 -8.137800000000000011e+01
8.009125976562499716e+01 -8.053000000000000114e+01
8.009130859375000000e+01 -8.083400000000000318e+01
8.009135742187500284e+01 -7.917600000000000193e+01
8.009140625000000568e+01 -8.225199999999999534e+01
8.009145507812499432e+01 -8.200600000000000023e+01
8.009150390624999716e+01 -8.212500000000000000e+01
8.009155273437500000e+01 -8.117300000000000182e+01
8.009160156250000284e+01 -8.091899999999999693e+01
8.009165039062500568e+01 -8.091599999999999682e+01
8.009169921874999432e+01 -8.038599999999999568e+01
8.009174804687499716e+01 -7.981999999999999318e+01
8.009179687500000000e+01 -8.081000000000000227e+01
8.009184570312500284e+01 -8.109099999999999397e+01
8.009189453125000568e+01 -8.111499999999999488e+01
8.009194335937499432e+01 -8.062699999999999534e+01
8.009199218749999716e+01 -8.007200000000000273e+01
8.009204101562500000e+01 -7.982299999999999329e+01
8.009208984375000284e+01 -8.168600000000000705e+01
8.009213867187500568e+01 -8.021500000000000341e+01
8.009218749999999432e+01 -7.975600000000000023e+01
8.009223632812499716e+01 -7.857200000000000273e+01
8.009228515625000000e+01 -7.937099999999999511e+01
8.009233398437500284e+01 -7.982299999999999329e+01
8.009238281250000568e+01 -8.033199999999999363e+01
8.009243164062499432e+01 -8.050799999999999557e+01
8.009248046874999716e+01 -8.048900000000000432e+01
8.009252929687500000e+01 -7.961799999999999500e+01
8.009257812500000284e+01 -8.007299999999999329e+01
8.009262695312500568e+01 -7.933499999999999375e+01
8.009267578124999432e+01 -7.795999999999999375e+01
8.009272460937499716e+01 -8.053700000000000614e+01
8.009277343750000000e+01 -7.949699999999999989e+01
8.009282226562500284e+01 -8.058899999999999864e+01
8.009287109375000568e+01 -7.955800000000000693e+01
8.009291992187499432e+01 -8.009099999999999397e+01
8.009296874999999716e+01 -8.039600000000000080e+01
8.009301757812500000e+01 -7.992300000000000182e+01
8.009306640625000284e+01 -8.133100000000000307e+01
8.009311523437500568e+01 -8.056499999999999773e+01
8.009316406249999432e+01 -7.998300000000000409e+01
8.009321289062499716e+01 -7.979000000000000625e+01
8.009326171875000000e+01 -7.982899999999999352e+01
8.009331054687500284e+01 -7.967400000000000659e+01
8.009335937500000568e+01 -7.945900000000000318e+01
8.009340820312499432e+01 -7.912800000000000011e+01
8.009345703124999716e+01 -8.162099999999999511e+01
8.009350585937500000e+01 -8.009199999999999875e+01
8.009355468750000284e+01 -7.900900000000000034e+01
8.009360351562500568e+01 -8.023000000000000398e+01
8.009365234374999432e+01 -7.898900000000000432e+01
8.009370117187499716e+01 -7.853600000000000136e+01
8.009375000000000000e+01 -7.880500000000000682e+01
8.009379882812500284e+01 -7.952200000000000557e+01
8.009384765625000568e+01 -7.823699999999999477e+01
8.009389648437499432e+01 -7.910999999999999943e+01
8.009394531249999716e+01 -7.837900000000000489e+01
8.009399414062500000e+01 -7.931100000000000705e+01
8.009404296875000284e+01 -7.882599999999999341e+01
8.009409179687500568e+01 -7.903900000000000148e+01
8.009414062499999432e+01 -7.893200000000000216e+01
8.009418945312499716e+01 -7.869400000000000261e+01
8.009423828125000000e+01 -7.918600000000000705e+01
8.009428710937500284e+01 -7.806499999999999773e+01
8.009433593750000568e+01 -7.784199999999999875e+01
8.009438476562499432e+01 -7.934399999999999409e+01
8.009443359374999716e+01 -7.941700000000000159e+01
8.009448242187500000e+01 -7.931699999999999307e+01
8.009453125000000284e+01 -7.896200000000000330e+01
8.009458007812500568e+01 -7.832699999999999818e+01
8.009462890624999432e+01 -7.860099999999999909e+01
8.009467773437499716e+01 -7.821999999999999886e+01
8.009472656250000000e+01 -7.863800000000000523e+01
8.009477539062500284e+01 -7.882999999999999829e+01
8.009482421875000568e+01 -7.877800000000000580e+01
8.009487304687499432e+01 -7.821299999999999386e+01
8.009492187499999716e+01 -7.800100000000000477e+01
8.009497070312500000e+01 -7.663800000000000523e+01
8.009501953125000284e+01 -7.698399999999999466e+01
8.009506835937500568e+01 -7.685599999999999454e+01
8.009511718749999432e+01 -7.738200000000000500e+01
8.009516601562499716e+01 -7.719799999999999329e+01
8.009521484375000000e+01 -7.751399999999999579e+01
8.009526367187500284e+01 -7.621699999999999875e+01
8.009531250000000568e+01 -7.660099999999999909e+01
8.009536132812499432e+01 -7.766299999999999670e+01
8.009541015624999716e+01 -7.777899999999999636e+01
8.009545898437500000e+01 -7.852899999999999636e+01
8.009550781250000284e+01 -7.825799999999999557e+01
8.009555664062500568e+01 -7.818200000000000216e+01
8.009560546874999432e+01 -7.703100000000000591e+01
8.009565429687499716e+01 -7.730800000000000693e+01
8.009570312500000000e+01 -7.787600000000000477e+01
8.009575195312500284e+01 -7.571999999999999886e+01
8.009580078125000568e+01 -7.691899999999999693e+01
8.009584960937499432e+01 -7.715900000000000603e+01
8.009589843749999716e+01 -7.620999999999999375e+01
8.009594726562500000e+01 -7.676600000000000534e+01
8.009599609375000284e+01 -7.856100000000000705e+01
8.009604492187500568e+01 -7.572499999999999432e+01
8.009609374999999432e+01 -7.698300000000000409e+01
8.009614257812499716e+01 -7.661599999999999966e+01
8.009619140625000000e+01 -7.593200000000000216e+01
8.009624023437500284e+01 -7.728700000000000614e+01
8.009628906250000568e+01 -7.692799999999999727e+01
8.009633789062499432e+01 -7.561899999999999977e+01
8.009638671874999716e+01 -7.717799999999999727e+01
8.009643554687500000e+01 -7.654300000000000637e+01
8.009648437500000284e+01 -7.547199999999999420e+01
8.009653320312500568e+01 -7.568300000000000693e+01
8.009658203124999432e+01 -7.595999999999999375e+01
8.009663085937499716e+01 -7.682999999999999829e+01
8.009667968750000000e+01 -7.627700000000000102e+01
8.009672851562500284e+01 -7.623499999999999943e+01
8.009677734375000568e+01 -7.626999999999999602e+01
8.009682617187499432e+01 -7.663500000000000512e+01
8.009687499999999716e+01 -7.532699999999999818e+01
8.009692382812500000e+01 -7.624099999999999966e+01
8.009697265625000284e+01 -7.700900000000000034e+01
8.009702148437500568e+01 -7.613599999999999568e+01
8.009707031249999432e+01 -7.598699999999999477e+01
8.009711914062499716e+01 -7.580599999999999739e+01
8.009716796875000000e+01 -7.423600000000000421e+01
8.009721679687500284e+01 -7.372299999999999898e+01
8.009726562500000568e+01 -7.368500000000000227e+01
8.009731445312499432e+01 -7.177500000000000568e+01
8.009736328124999716e+01 -7.061299999999999955e+01
8.009741210937500000e+01 -7.027800000000000580e+01
8.009746093750000284e+01 -6.984099999999999397e+01
8.009750976562500568e+01 -7.066400000000000148e+01
8.009755859374999432e+01 -6.915399999999999636e+01
8.009760742187499716e+01 -6.977500000000000568e+01
8.009765625000000000e+01 -6.928199999999999648e+01
8.009770507812500284e+01 -7.055100000000000193e+01
8.009775390625000568e+01 -6.866899999999999693e+01
8.009780273437499432e+01 -6.822499999999999432e+01
8.009785156249999716e+01 -6.754600000000000648e+01
8.009790039062500000e+01 -6.525700000000000500e+01
8.009794921875000284e+01 -6.336399999999999721e+01
8.009799804687500568e+01 -6.127900000000000347e+01
8.009804687499999432e+01 -6.205799999999999983e+01
8.009809570312499716e+01 -5.651700000000000301e+01
8.009814453125000000e+01 -5.749399999999999977e+01
8.009819335937500284e+01 -5.866400000000000148e+01
8.009824218750000568e+01 -5.679999999999999716e+01
8.009829101562499432e+01 -5.498899999999999721e+01
8.009833984374999716e+01 -4.970100000000000051e+01
8.009838867187500000e+01 -5.240299999999999869e+01
8.009843750000000284e+01 -5.609400000000000119e+01
8.009848632812500568e+01 -6.116400000000000148e+01
8.009853515624999432e+01 -6.413400000000000034e+01
8.009858398437499716e+01 -6.501699999999999591e+01
8.009863281250000000e+01 -6.114399999999999835e+01
8.009868164062500284e+01 -5.855100000000000193e+01
8.009873046875000568e+01 -6.339900000000000091e+01
8.009877929687499432e+01 -6.377300000000000324e+01
8.009882812499999716e+01 -6.385000000000000142e+01
8.009887695312500000e+01 -6.220400000000000063e+01
8.009892578125000284e+01 -6.211399999999999721e+01
8.009897460937500568e+01 -6.167600000000000193e+01
8.009902343749999432e+01 -6.179699999999999704e+01
8.009907226562499716e+01 -6.158200000000000074e+01
8.009912109375000000e+01 -5.430499999999999972e+01
8.009916992187500284e+01 -5.403399999999999892e+01
8.009921875000000568e+01 -4.719899999999999807e+01
8.009926757812499432e+01 -4.585199999999999676e+01
8.009931640624999716e+01 -5.615800000000000125e+01
8.009936523437500000e+01 -5.295499999999999829e+01
8.009941406250000284e+01 -4.174399999999999977e+01
8.009946289062500568e+01 -3.700300000000000011e+01
8.009951171874999432e+01 -3.591899999999999693e+01
8.009956054687499716e+01 -2.467800000000000082e+01
8.009960937500000000e+01 -3.429999999999999716e+01
8.009965820312500284e+01 -4.351500000000000057e+01
8.009970703125000568e+01 -4.224399999999999977e+01
8.009975585937499432e+01 -4.529999999999999716e+01
8.009980468749999716e+01 -4.543699999999999761e+01
8.009985351562500000e+01 -1.472799999999999976e+01
8.009990234375000284e+01 -3.333000000000000185e+00
8.009995117187500568e+01 -3.746399999999999864e+01
8.009999999999999432e+01 -4.691100000000000136e+01
8.010004882812499716e+01 -4.009000000000000341e+01
8.010009765625000000e+01 -4.381400000000000006e+01
8.010014648437500284e+01 -3.698700000000000188e+01
8.010019531250000568e+01 -2.555399999999999849e+01
8.010024414062499432e+01 -3.185200000000000031e+01
8.010029296874999716e+01 -3.860799999999999699e+01
8.010034179687500000e+01 -3.788199999999999790e+01
8.010039062500000284e+01 -4.957900000000000063e+01
8.010043945312500568e+01 -5.561500000000000199e+01
8.010048828124999432e+01 -4.827600000000000335e+01
8.010053710937499716e+01 -4.885999999999999943e+01
8.010058593750000000e+01 -5.287400000000000233e+01
8.010063476562500284e+01 -5.540800000000000125e+01
8.010068359375000568e+01 -6.012500000000000000e+01
8.010073242187499432e+01 -6.238199999999999790e+01
8.010078124999999716e+01 -6.305400000000000205e+01
8.010083007812500000e+01 -6.160300000000000153e+01
8.010087890625000284e+01 -6.217199999999999704e+01
8.010092773437500568e+01 -6.388799999999999812e+01
8.010097656249999432e+01 -6.414199999999999591e+01
8.010102539062499716e+01 -6.366100000000000136e+01
8.010107421875000000e+01 -6.136800000000000210e+01
8.010112304687500284e+01 -5.978999999999999915e+01
8.010117187500000568e+01 -6.423799999999999955e+01
8.010122070312499432e+01 -6.443899999999999295e+01
8.010126953124999716e+01 -6.113400000000000034e+01
8.010131835937500000e+01 -5.949799999999999756e+01
8.010136718750000284e+01 -5.266199999999999903e+01
8.010141601562500568e+01 -4.968699999999999761e+01
8.010146484374999432e+01 -5.120400000000000063e+01
8.010151367187499716e+01 -5.609000000000000341e+01
8.010156250000000000e+01 -5.752600000000000335e+01
8.010161132812500284e+01 -5.780499999999999972e+01
8.010166015625000568e+01 -5.756000000000000227e+01
8.010170898437499432e+01 -5.963499999999999801e+01
8.010175781249999716e+01 -6.066499999999999915e+01
8.010180664062500000e+01 -6.296600000000000108e+01
8.010185546875000284e+01 -6.440099999999999625e+01
8.010190429687500568e+01 -6.567799999999999727e+01
8.010195312499999432e+01 -6.615399999999999636e+01
8.010200195312499716e+01 -6.910299999999999443e+01
8.010205078125000000e+01 -6.831399999999999295e+01
8.010209960937500284e+01 -7.143899999999999295e+01
8.010214843750000568e+01 -7.131600000000000250e+01
8.010219726562499432e+01 -7.084499999999999886e+01
8.010224609374999716e+01 -6.987999999999999545e+01
8.010229492187500000e+01 -6.989100000000000534e+01
8.010234375000000284e+01 -6.838100000000000023e+01
8.010239257812500568e+01 -7.187300000000000466e+01
8.010244140624999432e+01 -7.348099999999999454e+01
8.010249023437499716e+01 -7.495699999999999363e+01
8.010253906250000000e+01 -7.406000000000000227e+01
8.010258789062500284e+01 -7.435200000000000387e+01
8.010263671875000568e+01 -7.378900000000000148e+01
8.010268554687499432e+01 -7.403300000000000125e+01
8.010273437499999716e+01 -7.765800000000000125e+01
8.010278320312500000e+01 -7.562800000000000011e+01
8.010283203125000284e+01 -7.395600000000000307e+01
8.010288085937500568e+01 -7.505100000000000193e+01
8.010292968749999432e+01 -7.521800000000000352e+01
8.010297851562499716e+01 -7.503900000000000148e+01
8.010302734375000000e+01 -7.442400000000000659e+01
8.010307617187500284e+01 -7.518899999999999295e+01
8.010312500000000568e+01 -7.567199999999999704e+01
8.010317382812499432e+01 -7.668200000000000216e+01
8.010322265624999716e+01 -7.651999999999999602e+01
8.010327148437500000e+01 -7.694499999999999318e+01
8.010332031250000284e+01 -7.584699999999999420e+01
8.010336914062500568e+01 -7.636100000000000421e+01
8.010341796874999432e+01 -7.638100000000000023e+01
8.010346679687499716e+01 -7.657500000000000284e+01
8.010351562500000000e+01 -7.597700000000000387e+01
8.010356445312500284e+01 -7.679699999999999704e+01
8.010361328125000568e+01 -7.513299999999999557e+01
8.010366210937499432e+01 -7.554399999999999693e+01
8.010371093749999716e+01 -7.702100000000000080e+01
8.010375976562500000e+01 -7.670099999999999341e+01
8.010380859375000284e+01 -7.669400000000000261e+01
8.010385742187500568e+01 -7.650900000000000034e+01
8.010390624999999432e+01 -7.707899999999999352e+01
8.010395507812499716e+01 -7.608100000000000307e+01
8.010400390625000000e+01 -7.649500000000000455e+01
8.010405273437500284e+01 -7.718699999999999761e+01
8.010410156250000568e+01 -7.645199999999999818e+01
8.010415039062499432e+01 -7.734399999999999409e+01
8.010419921874999716e+01 -7.747899999999999920e+01
8.010424804687500000e+01 -7.640900000000000603e+01
8.010429687500000284e+01 -7.859699999999999420e+01
8.010434570312500568e+01 -7.742400000000000659e+01
8.010439453124999432e+01 -7.774399999999999977e+01
8.010444335937499716e+01 -7.745399999999999352e+01
8.010449218750000000e+01 -7.699500000000000455e+01
8.010454101562500284e+01 -7.704200000000000159e+01
8.010458984375000568e+01 -7.667400000000000659e+01
8.010463867187499432e+01 -7.739900000000000091e+01
8.010468749999999716e+01 -7.549599999999999511e+01
8.010473632812500000e+01 -7.759999999999999432e+01
8.010478515625000284e+01 -7.780100000000000193e+01
8.010483398437500568e+01 -7.784399999999999409e+01
8.010488281249999432e+01 -7.906100000000000705e+01
8.010493164062499716e+01 -7.704900000000000659e+01
8.010498046875000000e+01 -7.727400000000000091e+01
8.010502929687500284e+01 -7.682200000000000273e+01
8.010507812500000568e+01 -7.804699999999999704e+01
8.010512695312499432e+01 -7.817199999999999704e+01
8.010517578124999716e+01 -7.919799999999999329e+01
8.010522460937500000e+01 -7.819799999999999329e+01
8.010527343750000284e+01 -7.776300000000000523e+01
8.010532226562500568e+01 -7.836700000000000443e+01
8.010537109374999432e+01 -7.808400000000000318e+01
8.010541992187499716e+01 -7.785699999999999932e+01
8.010546875000000000e+01 -7.903700000000000614e+01
8.010551757812500284e+01 -7.919499999999999318e+01
8.010556640625000568e+01 -7.886599999999999966e+01
8.010561523437499432e+01 -7.861700000000000443e+01
8.010566406249999716e+01 -7.784000000000000341e+01
8.010571289062500000e+01 -7.875900000000000034e+01
8.010576171875000284e+01 -7.925000000000000000e+01
8.010581054687500568e+01 -7.797700000000000387e+01
8.010585937499999432e+01 -7.784799999999999898e+01
8.010590820312499716e+01 -7.873900000000000432e+01
8.010595703125000000e+01 -7.955899999999999750e+01
8.010600585937500284e+01 -7.920799999999999841e+01
8.010605468750000568e+01 -7.904099999999999682e+01
8.010610351562499432e+01 -8.024099999999999966e+01
8.010615234374999716e+01 -8.034499999999999886e+01
8.010620117187500000e+01 -7.888299999999999557e+01
8.010625000000000284e+01 -7.938400000000000034e+01
8.010629882812500568e+01 -7.899899999999999523e+01
8.010634765624999432e+01 -7.891400000000000148e+01
8.010639648437499716e+01 -7.974200000000000443e+01
8.010644531250000000e+01 -7.876000000000000512e+01
8.010649414062500284e+01 -8.077200000000000557e+01
8.010654296875000568e+01 -7.974200000000000443e+01
8.010659179687499432e+01 -7.896899999999999409e+01
8.010664062499999716e+01 -7.920399999999999352e+01
8.010668945312500000e+01 -7.959699999999999420e+01
8.010673828125000284e+01 -7.903799999999999670e+01
8.010678710937500568e+01 -7.982899999999999352e+01
8.010683593749999432e+01 -8.070999999999999375e+01
8.010688476562499716e+01 -8.150300000000000011e+01
8.010693359375000000e+01 -8.114900000000000091e+01
8.010698242187500284e+01 -8.107299999999999329e+01
8.010703125000000568e+01 -7.956499999999999773e+01
8.010708007812499432e+01 -7.915999999999999659e+01
8.010712890624999716e+01 -7.865200000000000102e+01
8.010717773437500000e+01 -7.986799999999999500e+01
8.010722656250000284e+01 -7.907399999999999807e+01
8.010727539062500568e+01 -7.863599999999999568e+01
8.010732421874999432e+01 -7.968399999999999750e+01
8.010737304687499716e+01 -7.870600000000000307e+01
8.010742187500000000e+01 -7.915500000000000114e+01
8.010747070312500284e+01 -7.997599999999999909e+01
8.010751953125000568e+01 -7.880899999999999750e+01
8.010756835937499432e+01 -7.969899999999999807e+01
8.010761718749999716e+01 -7.892000000000000171e+01
8.010766601562500000e+01 -7.966700000000000159e+01
8.010771484375000284e+01 -8.068699999999999761e+01
8.010776367187500568e+01 -8.017300000000000182e+01
8.010781249999999432e+01 -7.946399999999999864e+01
8.010786132812499716e+01 -7.976699999999999591e+01
8.010791015625000000e+01 -8.275600000000000023e+01
8.010795898437500284e+01 -8.082399999999999807e+01
8.010800781250000568e+01 -8.043200000000000216e+01
8.010805664062499432e+01 -8.056000000000000227e+01
8.010810546874999716e+01 -8.030899999999999750e+01
8.010815429687500000e+01 -8.050300000000000011e+01
8.010820312500000284e+01 -8.018200000000000216e+01
8.010825195312500568e+01 -8.044799999999999329e+01
8.010830078124999432e+01 -8.036899999999999977e+01
8.010834960937499716e+01 -8.104399999999999693e+01
8.010839843750000000e+01 -8.107099999999999795e+01
8.010844726562500284e+01 -8.183100000000000307e+01
8.010849609375000568e+01 -7.950400000000000489e+01
8.010854492187499432e+01 -8.102599999999999625e+01
8.010859374999999716e+01 -8.122899999999999920e+01
8.010864257812500000e+01 -8.136400000000000432e+01
8.010869140625000284e+01 -8.073199999999999932e+01
8.010874023437500568e+01 -8.124099999999999966e+01
8.010878906249999432e+01 -8.097599999999999909e+01
8.010883789062499716e+01 -8.117400000000000659e+01
8.010888671875000000e+01 -8.073000000000000398e+01
8.010893554687500284e+01 -7.946500000000000341e+01
8.010898437500000568e+01 -8.069599999999999795e+01
8.010903320312499432e+01 -8.036700000000000443e+01
8.010908203124999716e+01 -8.054300000000000637e+01
8.010913085937500000e+01 -8.092199999999999704e+01
8.010917968750000284e+01 -8.140699999999999648e+01
8.010922851562500568e+01 -8.015300000000000580e+01
8.010927734374999432e+01 -8.085200000000000387e+01
8.010932617187499716e+01 -8.012600000000000477e+01
8.010937500000000000e+01 -8.034099999999999397e+01
8.010942382812500284e+01 -7.991299999999999670e+01
8.010947265625000568e+01 -8.076000000000000512e+01
8.010952148437499432e+01 -8.115999999999999659e+01
8.010957031249999716e+01 -8.056000000000000227e+01
8.010961914062500000e+01 -8.138599999999999568e+01
8.010966796875000284e+01 -8.087099999999999511e+01
8.010971679687500568e+01 -8.231399999999999295e+01
8.010976562499999432e+01 -8.140099999999999625e+01
8.010981445312499716e+01 -8.113800000000000523e+01
8.010986328125000000e+01 -8.030500000000000682e+01
8.010991210937500284e+01 -8.115999999999999659e+01
8.010996093750000568e+01 -8.059499999999999886e+01
8.011000976562499432e+01 -7.992400000000000659e+01
8.011005859374999716e+01 -7.989700000000000557e+01
8.011010742187500000e+01 -7.975300000000000011e+01
8.011015625000000284e+01 -8.023799999999999955e+01
8.011020507812500568e+01 -8.099800000000000466e+01
8.011025390624999432e+01 -7.968200000000000216e+01
8.011030273437499716e+01 -8.033299999999999841e+01
8.011035156250000000e+01 -8.124399999999999977e+01
8.011040039062500284e+01 -8.081799999999999784e+01
8.011044921875000568e+01 -8.046800000000000352e+01
8.011049804687499432e+01 -8.019299999999999784e+01
8.011054687499999716e+01 -8.060899999999999466e+01
8.011059570312500000e+01 -7.892600000000000193e+01
8.011064453125000284e+01 -7.855800000000000693e+01
8.011069335937500568e+01 -7.892300000000000182e+01
8.011074218749999432e+01 -8.037699999999999534e+01
8.011079101562499716e+01 -7.844499999999999318e+01
8.011083984375000000e+01 -7.873399999999999466e+01
8.011088867187500284e+01 -8.020799999999999841e+01
8.011093750000000568e+01 -8.022499999999999432e+01
8.011098632812499432e+01 -7.949599999999999511e+01
8.011103515624999716e+01 -7.908400000000000318e+01
8.011108398437500000e+01 -7.930100000000000193e+01
8.011113281250000284e+01 -8.026999999999999602e+01
8.011118164062500568e+01 -7.996399999999999864e+01
8.011123046874999432e+01 -8.190699999999999648e+01
8.011127929687499716e+01 -8.027100000000000080e+01
8.011132812500000000e+01 -7.924299999999999500e+01
8.011137695312500284e+01 -7.936899999999999977e+01
8.011142578125000568e+01 -8.022299999999999898e+01
8.011147460937499432e+01 -8.020399999999999352e+01
8.011152343749999716e+01 -8.066299999999999670e+01
8.011157226562500000e+01 -8.031799999999999784e+01
8.011162109375000284e+01 -7.938400000000000034e+01
8.011166992187500568e+01 -8.037300000000000466e+01
8.011171874999999432e+01 -8.002599999999999625e+01
8.011176757812499716e+01 -7.883799999999999386e+01
8.011181640625000000e+01 -7.963299999999999557e+01
8.011186523437500284e+01 -8.073999999999999488e+01
8.011191406250000568e+01 -7.960699999999999932e+01
8.011196289062499432e+01 -7.915399999999999636e+01
8.011201171874999716e+01 -7.952500000000000568e+01
8.011206054687500000e+01 -7.933400000000000318e+01
8.011210937500000284e+01 -8.002500000000000568e+01
8.011215820312500568e+01 -7.886499999999999488e+01
8.011220703124999432e+01 -7.940300000000000580e+01
8.011225585937499716e+01 -7.842900000000000205e+01
8.011230468750000000e+01 -7.853900000000000148e+01
8.011235351562500284e+01 -7.857999999999999829e+01
8.011240234375000568e+01 -7.795399999999999352e+01
8.011245117187499432e+01 -7.838500000000000512e+01
8.011249999999999716e+01 -7.763700000000000045e+01
8.011254882812500000e+01 -7.714900000000000091e+01
8.011259765625000284e+01 -7.842700000000000671e+01
8.011264648437500568e+01 -7.793999999999999773e+01
8.011269531249999432e+01 -7.722400000000000375e+01
8.011274414062499716e+01 -7.745099999999999341e+01
8.011279296875000000e+01 -7.501999999999999602e+01
8.011284179687500284e+01 -7.628499999999999659e+01
8.011289062500000568e+01 -7.669199999999999307e+01
8.011293945312499432e+01 -7.696800000000000352e+01
8.011298828124999716e+01 -7.612099999999999511e+01
8.011303710937500000e+01 -7.509799999999999898e+01
8.011308593750000284e+01 -7.511499999999999488e+01
8.011313476562500568e+01 -7.656900000000000261e+01
8.011318359374999432e+01 -7.593800000000000239e+01
8.011323242187499716e+01 -7.518699999999999761e+01
8.011328125000000000e+01 -7.508599999999999852e+01
8.011333007812500284e+01 -7.664600000000000080e+01
8.011337890625000568e+01 -7.478900000000000148e+01
8.011342773437499432e+01 -7.456300000000000239e+01
8.011347656249999716e+01 -7.452899999999999636e+01
8.011352539062500000e+01 -7.308899999999999864e+01
8.011357421875000284e+01 -7.380500000000000682e+01
8.011362304687500568e+01 -7.442100000000000648e+01
8.011367187499999432e+01 -7.298199999999999932e+01
8.011372070312499716e+01 -7.512600000000000477e+01
8.011376953125000000e+01 -7.198600000000000421e+01
8.011381835937500284e+01 -7.263500000000000512e+01
8.011386718750000568e+01 -7.065999999999999659e+01
8.011391601562499432e+01 -7.268099999999999739e+01
8.011396484374999716e+01 -7.128900000000000148e+01
8.011401367187500000e+01 -7.115000000000000568e+01
8.011406250000000284e+01 -7.093000000000000682e+01
8.011411132812500568e+01 -7.056900000000000261e+01
8.011416015624999432e+01 -6.965900000000000603e+01
8.011420898437499716e+01 -6.989100000000000534e+01
8.011425781250000000e+01 -6.865399999999999636e+01
8.011430664062500284e+01 -6.835099999999999909e+01
8.011435546875000568e+01 -6.991100000000000136e+01
8.011440429687499432e+01 -6.955400000000000205e+01
8.011445312499999716e+01 -6.851399999999999579e+01
8.011450195312500000e+01 -6.823099999999999454e+01
8.011455078125000284e+01 -6.800600000000000023e+01
8.011459960937500568e+01 -6.842799999999999727e+01
8.011464843749999432e+01 -7.037999999999999545e+01
8.011469726562499716e+01 -7.013200000000000500e+01
8.011474609375000000e+01 -6.934499999999999886e+01
8.011479492187500284e+01 -7.066500000000000625e+01
8.011484375000000568e+01 -7.146200000000000330e+01
8.011489257812499432e+01 -7.065300000000000580e+01
8.011494140624999716e+01 -7.037999999999999545e+01
8.011499023437500000e+01 -7.142700000000000671e+01
8.011503906250000284e+01 -7.233100000000000307e+01
8.011508789062500568e+01 -7.289799999999999613e+01
8.011513671874999432e+01 -7.422299999999999898e+01
8.011518554687499716e+01 -7.281199999999999761e+01
8.011523437500000000e+01 -7.368699999999999761e+01
8.011528320312500284e+01 -7.402700000000000102e+01
8.011533203125000568e+01 -7.483799999999999386e+01
8.011538085937499432e+01 -7.551399999999999579e+01
8.011542968749999716e+01 -7.478300000000000125e+01
8.011547851562500000e+01 -7.588800000000000523e+01
8.011552734375000284e+01 -7.683400000000000318e+01
8.011557617187500568e+01 -7.562300000000000466e+01
8.011562499999999432e+01 -7.766800000000000637e+01
8.011567382812499716e+01 -7.788899999999999579e+01
8.011572265625000000e+01 -7.883599999999999852e+01
8.011577148437500284e+01 -7.873600000000000421e+01
8.011582031250000568e+01 -8.012699999999999534e+01
8.011586914062499432e+01 -7.957800000000000296e+01
8.011591796874999716e+01 -7.923600000000000421e+01
8.011596679687500000e+01 -7.904699999999999704e+01
8.011601562500000284e+01 -7.824899999999999523e+01
8.011606445312500568e+01 -8.013100000000000023e+01
8.011611328124999432e+01 -7.841500000000000625e+01
8.011616210937499716e+01 -8.084199999999999875e+01
8.011621093750000000e+01 -7.885599999999999454e+01
8.011625976562500284e+01 -8.005400000000000205e+01
8.011630859375000568e+01 -7.917900000000000205e+01
8.011635742187499432e+01 -7.877800000000000580e+01
8.011640624999999716e+01 -7.974099999999999966e+01
8.011645507812500000e+01 -7.948399999999999466e+01
8.011650390625000284e+01 -7.990099999999999625e+01
8.011655273437500568e+01 -7.999699999999999989e+01
8.011660156249999432e+01 -8.139300000000000068e+01
8.011665039062499716e+01 -8.038400000000000034e+01
8.011669921875000000e+01 -8.123399999999999466e+01
8.011674804687500284e+01 -8.171200000000000330e+01
8.011679687500000568e+01 -8.022199999999999420e+01
8.011684570312499432e+01 -8.259399999999999409e+01
8.011689453124999716e+01 -8.114400000000000546e+01
8.011694335937500000e+01 -8.307999999999999829e+01
8.011699218750000284e+01 -8.243800000000000239e+01
8.011704101562500568e+01 -8.182200000000000273e+01
8.011708984374999432e+01 -8.258299999999999841e+01
8.011713867187499716e+01 -8.239799999999999613e+01
8.011718750000000000e+01 -8.376399999999999579e+01
8.011723632812500284e+01 -8.432399999999999807e+01
8.011728515625000568e+01 -8.298999999999999488e+01
8.011733398437499432e+01 -8.096299999999999386e+01
8.011738281249999716e+01 -8.362500000000000000e+01
8.011743164062500000e+01 -8.297299999999999898e+01
8.011748046875000284e+01 -8.362699999999999534e+01
8.011752929687500568e+01 -8.247199999999999420e+01
8.011757812499999432e+01 -8.267600000000000193e+01
8.011762695312499716e+01 -8.371800000000000352e+01
8.011767578125000000e+01 -8.442000000000000171e+01
8.011772460937500284e+01 -8.320000000000000284e+01
8.011777343750000568e+01 -8.400400000000000489e+01
8.011782226562499432e+01 -8.410699999999999932e+01
8.011787109374999716e+01 -8.365900000000000603e+01
8.011791992187500000e+01 -8.335399999999999920e+01
8.011796875000000284e+01 -8.385699999999999932e+01
8.011801757812500568e+01 -8.356499999999999773e+01
8.011806640624999432e+01 -8.418399999999999750e+01
8.011811523437499716e+01 -8.448900000000000432e+01
8.011816406250000000e+01 -8.352299999999999613e+01
8.011821289062500284e+01 -8.347400000000000375e+01
8.011826171875000568e+01 -8.421699999999999875e+01
8.011831054687499432e+01 -8.302599999999999625e+01
8.011835937499999716e+01 -8.354900000000000659e+01
8.011840820312500000e+01 -8.392600000000000193e+01
8.011845703125000284e+01 -8.352200000000000557e+01
8.011850585937500568e+01 -8.424299999999999500e+01
8.011855468749999432e+01 -8.387800000000000011e+01
8.011860351562499716e+01 -8.351000000000000512e+01
8.011865234375000000e+01 -8.497400000000000375e+01
8.011870117187500284e+01 -8.368300000000000693e+01
8.011875000000000568e+01 -8.407399999999999807e+01
8.011879882812499432e+01 -8.323300000000000409e+01
8.011884765624999716e+01 -8.442400000000000659e+01
8.011889648437500000e+01 -8.443300000000000693e+01
8.011894531250000284e+01 -8.493800000000000239e+01
8.011899414062500568e+01 -8.433899999999999864e+01
8.011904296874999432e+01 -8.487600000000000477e+01
8.011909179687499716e+01 -8.582399999999999807e+01
8.011914062500000000e+01 -8.418200000000000216e+01
8.011918945312500284e+01 -8.541599999999999682e+01
8.011923828125000568e+01 -8.442400000000000659e+01
8.011928710937499432e+01 -8.402700000000000102e+01
8.011933593749999716e+01 -8.513100000000000023e+01
8.011938476562500000e+01 -8.413599999999999568e+01
8.011943359375000284e+01 -8.431399999999999295e+01
8.011948242187500568e+01 -8.332399999999999807e+01
8.011953124999999432e+01 -8.394700000000000273e+01
8.011958007812499716e+01 -8.356600000000000250e+01
8.011962890625000000e+01 -8.587300000000000466e+01
8.011967773437500284e+01 -8.451699999999999591e+01
8.011972656250000568e+01 -8.415900000000000603e+01
8.011977539062499432e+01 -8.417700000000000671e+01
8.011982421874999716e+01 -8.394599999999999795e+01
8.011987304687500000e+01 -8.477599999999999625e+01
8.011992187500000284e+01 -8.482299999999999329e+01
8.011997070312500568e+01 -8.403100000000000591e+01
8.012001953124999432e+01 -8.430899999999999750e+01
8.012006835937499716e+01 -8.537000000000000455e+01
8.012011718750000000e+01 -8.473999999999999488e+01
8.012016601562500284e+01 -8.365399999999999636e+01
8.012021484375000568e+01 -8.453700000000000614e+01
8.012026367187499432e+01 -8.494199999999999307e+01
8.012031249999999716e+01 -8.434699999999999420e+01
8.012036132812500000e+01 -8.487600000000000477e+01
8.012041015625000284e+01 -8.547400000000000375e+01
8.012045898437500568e+01 -8.476900000000000546e+01
8.012050781249999432e+01 -8.614700000000000557e+01
8.012055664062499716e+01 -8.644199999999999307e+01
8.012060546875000000e+01 -8.557599999999999341e+01
8.012065429687500284e+01 -8.578199999999999648e+01
8.012070312500000568e+01 -8.495099999999999341e+01
8.012075195312499432e+01 -8.490600000000000591e+01
8.012080078124999716e+01 -8.398399999999999466e+01
8.012084960937500000e+01 -8.419499999999999318e+01
8.012089843750000284e+01 -8.480899999999999750e+01
8.012094726562500568e+01 -8.449500000000000455e+01
8.012099609374999432e+01 -8.545000000000000284e+01
8.012104492187499716e+01 -8.610299999999999443e+01
8.012109375000000000e+01 -8.538700000000000045e+01
8.012114257812500284e+01 -8.392300000000000182e+01
8.012119140625000568e+01 -8.468999999999999773e+01
8.012124023437499432e+01 -8.605800000000000693e+01
8.012128906249999716e+01 -8.541299999999999670e+01
8.012133789062500000e+01 -8.453300000000000125e+01
8.012138671875000284e+01 -8.532999999999999829e+01
8.012143554687500568e+01 -8.434699999999999420e+01
8.012148437499999432e+01 -8.472199999999999420e+01
8.012153320312499716e+01 -8.558599999999999852e+01
8.012158203125000000e+01 -8.479600000000000648e+01
8.012163085937500284e+01 -8.563100000000000023e+01
8.012167968750000568e+01 -8.439600000000000080e+01
8.012172851562499432e+01 -8.515900000000000603e+01
8.012177734374999716e+01 -8.387999999999999545e+01
8.012182617187500000e+01 -8.437999999999999545e+01
8.012187500000000284e+01 -8.460500000000000398e+01
8.012192382812500568e+01 -8.648099999999999454e+01
8.012197265624999432e+01 -8.418899999999999295e+01
8.012202148437499716e+01 -8.478300000000000125e+01
8.012207031250000000e+01 -8.523799999999999955e+01
8.012211914062500284e+01 -8.322499999999999432e+01
8.012216796875000568e+01 -8.593200000000000216e+01
8.012221679687499432e+01 -8.509600000000000364e+01
8.012226562499999716e+01 -8.534000000000000341e+01
8.012231445312500000e+01 -8.423799999999999955e+01
8.012236328125000284e+01 -8.498099999999999454e+01
8.012241210937500568e+01 -8.553100000000000591e+01
8.012246093749999432e+01 -8.485500000000000398e+01
8.012250976562499716e+01 -8.416899999999999693e+01
8.012255859375000000e+01 -8.499500000000000455e+01
8.012260742187500284e+01 -8.516200000000000614e+01
8.012265625000000568e+01 -8.550600000000000023e+01
8.012270507812499432e+01 -8.434000000000000341e+01
8.012275390624999716e+01 -8.489400000000000546e+01
8.012280273437500000e+01 -8.319599999999999795e+01
8.012285156250000284e+01 -8.475100000000000477e+01
8.012290039062500568e+01 -8.527700000000000102e+01
8.012294921874999432e+01 -8.468200000000000216e+01
8.012299804687499716e+01 -8.487999999999999545e+01
8.012304687500000000e+01 -8.550499999999999545e+01
8.012309570312500284e+01 -8.486899999999999977e+01
8.012314453125000568e+01 -8.340000000000000568e+01
8.012319335937499432e+01 -8.502700000000000102e+01
8.012324218749999716e+01 -8.528100000000000591e+01
8.012329101562500000e+01 -8.532399999999999807e+01
8.012333984375000284e+01 -8.503300000000000125e+01
8.012338867187500568e+01 -8.551500000000000057e+01
8.012343749999999432e+01 -8.575600000000000023e+01
8.012348632812499716e+01 -8.563100000000000023e+01
8.012353515625000000e+01 -8.526900000000000546e+01
8.012358398437500284e+01 -8.451699999999999591e+01
8.012363281250000568e+01 -8.563299999999999557e+01
8.012368164062499432e+01 -8.458199999999999363e+01
8.012373046874999716e+01 -8.389700000000000557e+01
8.012377929687500000e+01 -8.541700000000000159e+01
8.012382812500000284e+01 -8.517100000000000648e+01
8.012387695312500568e+01 -8.603100000000000591e+01
8.012392578124999432e+01 -8.453600000000000136e+01
8.012397460937499716e+01 -8.464300000000000068e+01
8.012402343750000000e+01 -8.434099999999999397e+01
8.012407226562500284e+01 -8.503799999999999670e+01
8.012412109375000568e+01 -8.473199999999999932e+01
8.012416992187499432e+01 -8.476900000000000546e+01
8.012421874999999716e+01 -8.347100000000000364e+01
8.012426757812500000e+01 -8.406199999999999761e+01
8.012431640625000284e+01 -8.505100000000000193e+01
8.012436523437500568e+01 -8.487999999999999545e+01
8.012441406249999432e+01 -8.603499999999999659e+01
8.012446289062499716e+01 -8.532099999999999795e+01
8.012451171875000000e+01 -8.495199999999999818e+01
8.012456054687500284e+01 -8.524599999999999511e+01
8.012460937500000568e+01 -8.425300000000000011e+01
8.012465820312499432e+01 -8.620399999999999352e+01
8.012470703124999716e+01 -8.524599999999999511e+01
8.012475585937500000e+01 -8.352500000000000568e+01
8.012480468750000284e+01 -8.627299999999999613e+01
8.012485351562500568e+01 -8.430299999999999727e+01
8.012490234374999432e+01 -8.393800000000000239e+01
8.012495117187499716e+01 -8.472199999999999420e+01
