8.007500000000000284e+01 -9.792499999999999716e+01
8.007504882812500568e+01 -8.582500000000000284e+01
8.007509765624999432e+01 -9.121500000000000341e+01
8.007514648437499716e+01 -8.516500000000000625e+01
8.007519531250000000e+01 -8.707500000000000284e+01
8.007524414062500284e+01 -8.680500000000000682e+01
8.007529296875000568e+01 -8.729500000000000171e+01
8.007534179687499432e+01 -8.880500000000000682e+01
8.007539062499999716e+01 -8.561499999999999488e+01
8.007543945312500000e+01 -8.570499999999999829e+01
8.007548828125000284e+01 -8.483499999999999375e+01
8.007553710937500568e+01 -8.884499999999999886e+01
8.007558593749999432e+01 -9.118500000000000227e+01
8.007563476562499716e+01 -8.709499999999999886e+01
8.007568359375000000e+01 -8.294499999999999318e+01
8.007573242187500284e+01 -8.495499999999999829e+01
8.007578125000000568e+01 -8.972499999999999432e+01
8.007583007812499432e+01 -8.963500000000000512e+01
8.007587890624999716e+01 -8.522499999999999432e+01
8.007592773437500000e+01 -8.595499999999999829e+01
8.007597656250000284e+01 -8.963500000000000512e+01
8.007602539062500568e+01 -8.608499999999999375e+01
8.007607421874999432e+01 -8.829500000000000171e+01
8.007612304687499716e+01 -8.698499999999999943e+01
8.007617187500000000e+01 -8.598499999999999943e+01
8.007622070312500284e+01 -8.637500000000000000e+01
8.007626953125000568e+01 -8.852500000000000568e+01
8.007631835937499432e+01 -8.606499999999999773e+01
8.007636718749999716e+01 -8.494499999999999318e+01
8.007641601562500000e+01 -8.110500000000000398e+01
8.007646484375000284e+01 -8.838500000000000512e+01
8.007651367187500568e+01 -8.385500000000000398e+01
8.007656249999999432e+01 -8.689499999999999602e+01
8.007661132812499716e+01 -8.706499999999999773e+01
8.007666015625000000e+01 -8.850499999999999545e+01
8.007670898437500284e+01 -8.773499999999999943e+01
8.007675781250000568e+01 -8.834499999999999886e+01
8.007680664062499432e+01 -8.800499999999999545e+01
8.007685546874999716e+01 -8.837500000000000000e+01
8.007690429687500000e+01 -8.499500000000000455e+01
8.007695312500000284e+01 -8.711499999999999488e+01
8.007700195312500568e+01 -8.685500000000000398e+01
8.007705078124999432e+01 -9.385500000000000398e+01
8.007709960937499716e+01 -9.203499999999999659e+01
8.007714843750000000e+01 -8.819499999999999318e+01
8.007719726562500284e+01 -8.794499999999999318e+01
8.007724609375000568e+01 -9.241500000000000625e+01
8.007729492187499432e+01 -8.429500000000000171e+01
8.007734374999999716e+01 -8.621500000000000341e+01
8.007739257812500000e+01 -8.496500000000000341e+01
8.007744140625000284e+01 -8.934499999999999886e+01
8.007749023437500568e+01 -8.413500000000000512e+01
8.007753906249999432e+01 -8.094499999999999318e+01
8.007758789062499716e+01 -8.642499999999999716e+01
8.007763671875000000e+01 -8.945499999999999829e+01
8.007768554687500284e+01 -8.705500000000000682e+01
8.007773437500000568e+01 -8.706499999999999773e+01
8.007778320312499432e+01 -8.602500000000000568e+01
8.007783203124999716e+01 -8.718500000000000227e+01
8.007788085937500000e+01 -8.439499999999999602e+01
8.007792968750000284e+01 -8.354500000000000171e+01
8.007797851562500568e+01 -8.129500000000000171e+01
8.007802734374999432e+01 -8.388500000000000512e+01
8.007807617187499716e+01 -8.288500000000000512e+01
8.007812500000000000e+01 -8.750499999999999545e+01
8.007817382812500284e+01 -8.894499999999999318e+01
8.007822265625000568e+01 -8.861499999999999488e+01
8.007827148437499432e+01 -8.823499999999999943e+01
8.007832031249999716e+01 -8.872499999999999432e+01
8.007836914062500000e+01 -9.070499999999999829e+01
8.007841796875000284e+01 -8.545499999999999829e+01
8.007846679687500568e+01 -8.854500000000000171e+01
8.007851562499999432e+01 -8.944499999999999318e+01
8.007856445312499716e+01 -8.538500000000000512e+01
8.007861328125000000e+01 -8.820499999999999829e+01
8.007866210937500284e+01 -8.814499999999999602e+01
8.007871093750000568e+01 -8.388500000000000512e+01
8.007875976562499432e+01 -8.746500000000000341e+01
8.007880859374999716e+01 -8.618500000000000227e+01
8.007885742187500000e+01 -8.607500000000000284e+01
8.007890625000000284e+01 -8.449500000000000455e+01
8.007895507812500568e+01 -8.333499999999999375e+01
8.007900390624999432e+01 -8.301500000000000057e+01
8.007905273437499716e+01 -8.302500000000000568e+01
8.007910156250000000e+01 -8.585500000000000398e+01
8.007915039062500284e+01 -8.406499999999999773e+01
8.007919921875000568e+01 -8.296500000000000341e+01
8.007924804687499432e+01 -8.510500000000000398e+01
8.007929687499999716e+01 -8.554500000000000171e+01
8.007934570312500000e+01 -8.971500000000000341e+01
8.007939453125000284e+01 -9.153499999999999659e+01
8.007944335937500568e+01 -8.473499999999999943e+01
8.007949218749999432e+01 -8.442499999999999716e+01
8.007954101562499716e+01 -8.891500000000000625e+01
8.007958984375000000e+01 -8.745499999999999829e+01
8.007963867187500284e+01 -8.557500000000000284e+01
8.007968750000000568e+01 -8.449500000000000455e+01
8.007973632812499432e+01 -8.669499999999999318e+01
8.007978515624999716e+01 -8.913500000000000512e+01
8.007983398437500000e+01 -8.651500000000000057e+01
8.007988281250000284e+01 -8.899500000000000455e+01
8.007993164062500568e+01 -8.583499999999999375e+01
8.007998046874999432e+01 -8.833499999999999375e+01
8.008002929687499716e+01 -8.534499999999999886e+01
8.008007812500000000e+01 -8.573499999999999943e+01
8.008012695312500284e+01 -8.765500000000000114e+01
8.008017578125000568e+01 -8.680500000000000682e+01
8.008022460937499432e+01 -9.251500000000000057e+01
8.008027343749999716e+01 -8.721500000000000341e+01
8.008032226562500000e+01 -9.027500000000000568e+01
8.008037109375000284e+01 -9.130500000000000682e+01
8.008041992187500568e+01 -8.827500000000000568e+01
8.008046874999999432e+01 -8.676500000000000057e+01
8.008051757812499716e+01 -8.741500000000000625e+01
8.008056640625000000e+01 -8.454500000000000171e+01
8.008061523437500284e+01 -8.527500000000000568e+01
8.008066406250000568e+01 -8.523499999999999943e+01
8.008071289062499432e+01 -8.605500000000000682e+01
8.008076171874999716e+01 -8.905500000000000682e+01
8.008081054687500000e+01 -8.726500000000000057e+01
8.008085937500000284e+01 -8.427500000000000568e+01
8.008090820312500568e+01 -8.728499999999999659e+01
8.008095703124999432e+01 -8.693500000000000227e+01
8.008100585937499716e+01 -9.122499999999999432e+01
8.008105468750000000e+01 -8.775499999999999545e+01
8.008110351562500284e+01 -8.814499999999999602e+01
8.008115234375000568e+01 -8.779500000000000171e+01
8.008120117187499432e+01 -8.302500000000000568e+01
8.008124999999999716e+01 -8.294499999999999318e+01
8.008129882812500000e+01 -8.740500000000000114e+01
8.008134765625000284e+01 -8.772499999999999432e+01
8.008139648437500568e+01 -8.727500000000000568e+01
8.008144531249999432e+01 -8.666500000000000625e+01
8.008149414062499716e+01 -9.222499999999999432e+01
8.008154296875000000e+01 -8.864499999999999602e+01
8.008159179687500284e+01 -9.085500000000000398e+01
8.008164062500000568e+01 -8.499500000000000455e+01
8.008168945312499432e+01 -8.502500000000000568e+01
8.008173828124999716e+01 -8.701500000000000057e+01
8.008178710937500000e+01 -8.749500000000000455e+01
8.008183593750000284e+01 -8.535500000000000398e+01
8.008188476562500568e+01 -8.588500000000000512e+01
8.008193359374999432e+01 -8.867499999999999716e+01
8.008198242187499716e+01 -8.514499999999999602e+01
8.008203125000000000e+01 -8.672499999999999432e+01
8.008208007812500284e+01 -8.482500000000000284e+01
8.008212890625000568e+01 -8.803499999999999659e+01
8.008217773437499432e+01 -8.530500000000000682e+01
8.008222656249999716e+01 -8.556499999999999773e+01
8.008227539062500000e+01 -8.715500000000000114e+01
8.008232421875000284e+01 -8.418500000000000227e+01
8.008237304687500568e+01 -8.608499999999999375e+01
8.008242187499999432e+01 -8.305500000000000682e+01
8.008247070312499716e+01 -8.785500000000000398e+01
8.008251953125000000e+01 -8.593500000000000227e+01
8.008256835937500284e+01 -8.669499999999999318e+01
8.008261718750000568e+01 -8.524500000000000455e+01
8.008266601562499432e+01 -8.707500000000000284e+01
8.008271484374999716e+01 -8.364499999999999602e+01
8.008276367187500000e+01 -8.286499999999999488e+01
8.008281250000000284e+01 -8.718500000000000227e+01
8.008286132812500568e+01 -8.492499999999999716e+01
8.008291015624999432e+01 -8.723499999999999943e+01
8.008295898437499716e+01 -8.128499999999999659e+01
8.008300781250000000e+01 -8.566500000000000625e+01
8.008305664062500284e+01 -8.750499999999999545e+01
8.008310546875000568e+01 -8.806499999999999773e+01
8.008315429687499432e+01 -8.102500000000000568e+01
8.008320312499999716e+01 -8.140500000000000114e+01
8.008325195312500000e+01 -8.462500000000000000e+01
8.008330078125000284e+01 -8.299500000000000455e+01
8.008334960937500568e+01 -8.333499999999999375e+01
8.008339843749999432e+01 -8.439499999999999602e+01
8.008344726562499716e+01 -8.652500000000000568e+01
8.008349609375000000e+01 -8.394499999999999318e+01
8.008354492187500284e+01 -8.206499999999999773e+01
8.008359375000000568e+01 -8.982500000000000284e+01
8.008364257812499432e+01 -8.357500000000000284e+01
8.008369140624999716e+01 -8.656499999999999773e+01
8.008374023437500000e+01 -8.287500000000000000e+01
8.008378906250000284e+01 -8.435500000000000398e+01
8.008383789062500568e+01 -8.505500000000000682e+01
8.008388671874999432e+01 -7.941500000000000625e+01
8.008393554687499716e+01 -8.288500000000000512e+01
8.008398437500000000e+01 -8.551500000000000057e+01
8.008403320312500284e+01 -8.533499999999999375e+01
8.008408203125000568e+01 -8.211499999999999488e+01
8.008413085937499432e+01 -8.186499999999999488e+01
8.008417968749999716e+01 -8.116500000000000625e+01
8.008422851562500000e+01 -8.664499999999999602e+01
8.008427734375000284e+01 -8.744499999999999318e+01
8.008432617187500568e+01 -7.981499999999999773e+01
8.008437499999999432e+01 -8.095499999999999829e+01
8.008442382812499716e+01 -7.765500000000000114e+01
8.008447265625000000e+01 -8.168500000000000227e+01
8.008452148437500284e+01 -8.780500000000000682e+01
8.008457031250000568e+01 -8.451500000000000057e+01
8.008461914062499432e+01 -8.496500000000000341e+01
8.008466796874999716e+01 -8.231499999999999773e+01
8.008471679687500000e+01 -8.186499999999999488e+01
8.008476562500000284e+01 -7.623499999999999943e+01
8.008481445312500568e+01 -7.878499999999999659e+01
8.008486328124999432e+01 -8.006499999999999773e+01
8.008491210937499716e+01 -8.388500000000000512e+01
8.008496093750000000e+01 -7.715500000000000114e+01
8.008500976562500284e+01 -7.901500000000000057e+01
8.008505859375000568e+01 -7.606499999999999773e+01
8.008510742187499432e+01 -7.878499999999999659e+01
8.008515624999999716e+01 -7.531499999999999773e+01
8.008520507812500000e+01 -7.961499999999999488e+01
8.008525390625000284e+01 -7.515500000000000114e+01
8.008530273437500568e+01 -7.375499999999999545e+01
8.008535156249999432e+01 -7.915500000000000114e+01
8.008540039062499716e+01 -7.539499999999999602e+01
8.008544921875000000e+01 -7.799500000000000455e+01
8.008549804687500284e+01 -7.901500000000000057e+01
8.008554687500000568e+01 -7.870499999999999829e+01
8.008559570312499432e+01 -7.765500000000000114e+01
8.008564453124999716e+01 -7.873499999999999943e+01
8.008569335937500000e+01 -7.676500000000000057e+01
8.008574218750000284e+01 -7.651500000000000057e+01
8.008579101562500568e+01 -7.745499999999999829e+01
8.008583984374999432e+01 -7.837500000000000000e+01
8.008588867187499716e+01 -8.141500000000000625e+01
8.008593750000000000e+01 -7.718500000000000227e+01
8.008598632812500284e+01 -7.533499999999999375e+01
8.008603515625000568e+01 -7.550499999999999545e+01
8.008608398437499432e+01 -7.789499999999999602e+01
8.008613281249999716e+01 -8.015500000000000114e+01
8.008618164062500000e+01 -8.178499999999999659e+01
8.008623046875000284e+01 -7.747499999999999432e+01
8.008627929687500568e+01 -7.939499999999999602e+01
8.008632812499999432e+01 -8.127500000000000568e+01
8.008637695312499716e+01 -8.005500000000000682e+01
8.008642578125000000e+01 -8.041500000000000625e+01
8.008647460937500284e+01 -7.758499999999999375e+01
8.008652343750000568e+01 -7.632500000000000284e+01
8.008657226562499432e+01 -8.363500000000000512e+01
8.008662109374999716e+01 -7.700499999999999545e+01
8.008666992187500000e+01 -8.012500000000000000e+01
8.008671875000000284e+01 -8.498499999999999943e+01
8.008676757812500568e+01 -7.895499999999999829e+01
8.008681640624999432e+01 -7.910500000000000398e+01
8.008686523437499716e+01 -8.318500000000000227e+01
8.008691406250000000e+01 -8.324500000000000455e+01
8.008696289062500284e+01 -7.887500000000000000e+01
8.008701171875000568e+01 -8.498499999999999943e+01
8.008706054687499432e+01 -8.692499999999999716e+01
8.008710937499999716e+01 -8.003499999999999659e+01
8.008715820312500000e+01 -8.186499999999999488e+01
8.008720703125000284e+01 -8.080500000000000682e+01
8.008725585937500568e+01 -8.417499999999999716e+01
8.008730468749999432e+01 -8.351500000000000057e+01
8.008735351562499716e+01 -7.826500000000000057e+01
8.008740234375000000e+01 -8.205500000000000682e+01
8.008745117187500284e+01 -7.843500000000000227e+01
8.008750000000000568e+01 -8.431499999999999773e+01
8.008754882812499432e+01 -8.139499999999999602e+01
8.008759765624999716e+01 -8.347499999999999432e+01
8.008764648437500000e+01 -8.564499999999999602e+01
8.008769531250000284e+01 -8.066500000000000625e+01
8.008774414062500568e+01 -8.167499999999999716e+01
8.008779296874999432e+01 -8.595499999999999829e+01
8.008784179687499716e+01 -8.211499999999999488e+01
8.008789062500000000e+01 -8.503499999999999659e+01
8.008793945312500284e+01 -8.654500000000000171e+01
8.008798828125000568e+01 -8.426500000000000057e+01
8.008803710937499432e+01 -8.412500000000000000e+01
8.008808593749999716e+01 -8.559499999999999886e+01
8.008813476562500000e+01 -8.573499999999999943e+01
8.008818359375000284e+01 -7.831499999999999773e+01
8.008823242187500568e+01 -8.601500000000000057e+01
8.008828124999999432e+01 -8.304500000000000171e+01
8.008833007812499716e+01 -8.203499999999999659e+01
8.008837890625000000e+01 -8.405500000000000682e+01
8.008842773437500284e+01 -8.218500000000000227e+01
8.008847656250000568e+01 -8.265500000000000114e+01
8.008852539062499432e+01 -8.556499999999999773e+01
8.008857421874999716e+01 -8.429500000000000171e+01
8.008862304687500000e+01 -8.064499999999999602e+01
8.008867187500000284e+01 -8.026500000000000057e+01
8.008872070312500568e+01 -8.261499999999999488e+01
8.008876953124999432e+01 -8.278499999999999659e+01
8.008881835937499716e+01 -8.442499999999999716e+01
8.008886718750000000e+01 -8.261499999999999488e+01
8.008891601562500284e+01 -8.630500000000000682e+01
8.008896484375000568e+01 -8.785500000000000398e+01
8.008901367187499432e+01 -8.486499999999999488e+01
8.008906249999999716e+01 -8.811499999999999488e+01
8.008911132812500000e+01 -8.235500000000000398e+01
8.008916015625000284e+01 -8.841500000000000625e+01
8.008920898437500568e+01 -8.803499999999999659e+01
8.008925781249999432e+01 -8.074500000000000455e+01
8.008930664062499716e+01 -8.215500000000000114e+01
8.008935546875000000e+01 -8.194499999999999318e+01
8.008940429687500284e+01 -8.645499999999999829e+01
8.008945312500000568e+01 -8.467499999999999716e+01
8.008950195312499432e+01 -8.125499999999999545e+01
8.008955078124999716e+01 -8.372499999999999432e+01
8.008959960937500000e+01 -8.239499999999999602e+01
8.008964843750000284e+01 -7.854500000000000171e+01
8.008969726562500568e+01 -8.278499999999999659e+01
8.008974609374999432e+01 -8.310500000000000398e+01
8.008979492187499716e+01 -8.572499999999999432e+01
8.008984375000000000e+01 -8.403499999999999659e+01
8.008989257812500284e+01 -8.272499999999999432e+01
8.008994140625000568e+01 -8.360500000000000398e+01
8.008999023437499432e+01 -8.208499999999999375e+01
8.009003906249999716e+01 -8.881499999999999773e+01
8.009008789062500000e+01 -8.658499999999999375e+01
8.009013671875000284e+01 -8.291500000000000625e+01
8.009018554687500568e+01 -8.211499999999999488e+01
8.009023437499999432e+01 -8.694499999999999318e+01
8.009028320312499716e+01 -8.674500000000000455e+01
8.009033203125000000e+01 -8.053499999999999659e+01
8.009038085937500284e+01 -8.739499999999999602e+01
8.009042968750000568e+01 -8.204500000000000171e+01
8.009047851562499432e+01 -8.490500000000000114e+01
8.009052734374999716e+01 -8.709499999999999886e+01
8.009057617187500000e+01 -8.407500000000000284e+01
8.009062500000000284e+01 -8.428499999999999659e+01
8.009067382812500568e+01 -8.209499999999999886e+01
8.009072265624999432e+01 -8.512500000000000000e+01
8.009077148437499716e+01 -8.467499999999999716e+01
8.009082031250000000e+01 -8.226500000000000057e+01
8.009086914062500284e+01 -8.879500000000000171e+01
8.009091796875000568e+01 -8.228499999999999659e+01
8.009096679687499432e+01 -8.171500000000000341e+01
8.009101562499999716e+01 -8.223499999999999943e+01
8.009106445312500000e+01 -8.461499999999999488e+01
8.009111328125000284e+01 -8.547499999999999432e+01
8.009116210937500568e+01 -8.406499999999999773e+01
8.009121093749999432e+01 -8.174500000000000455e+01
8.009125976562499716e+01 -8.314499999999999602e+01
8.009130859375000000e+01 -8.195499999999999829e+01
8.009135742187500284e+01 -8.182500000000000284e+01
8.009140625000000568e+01 -7.950499999999999545e+01
8.009145507812499432e+01 -8.000499999999999545e+01
8.009150390624999716e+01 -8.064499999999999602e+01
8.009155273437500000e+01 -8.289499999999999602e+01
8.009160156250000284e+01 -7.965500000000000114e+01
8.009165039062500568e+01 -8.272499999999999432e+01
8.009169921874999432e+01 -8.060500000000000398e+01
8.009174804687499716e+01 -7.867499999999999716e+01
8.009179687500000000e+01 -8.407500000000000284e+01
8.009184570312500284e+01 -8.330500000000000682e+01
8.009189453125000568e+01 -8.337500000000000000e+01
8.009194335937499432e+01 -7.974500000000000455e+01
8.009199218749999716e+01 -8.292499999999999716e+01
8.009204101562500000e+01 -8.307500000000000284e+01
8.009208984375000284e+01 -7.984499999999999886e+01
8.009213867187500568e+01 -8.280500000000000682e+01
8.009218749999999432e+01 -8.100499999999999545e+01
8.009223632812499716e+01 -8.131499999999999773e+01
8.009228515625000000e+01 -8.119499999999999318e+01
8.009233398437500284e+01 -8.430500000000000682e+01
8.009238281250000568e+01 -8.003499999999999659e+01
8.009243164062499432e+01 -7.924500000000000455e+01
8.009248046874999716e+01 -8.564499999999999602e+01
8.009252929687500000e+01 -8.440500000000000114e+01
8.009257812500000284e+01 -8.326500000000000057e+01
8.009262695312500568e+01 -8.569499999999999318e+01
8.009267578124999432e+01 -8.341500000000000625e+01
8.009272460937499716e+01 -8.073499999999999943e+01
8.009277343750000000e+01 -8.192499999999999716e+01
8.009282226562500284e+01 -8.262500000000000000e+01
8.009287109375000568e+01 -8.097499999999999432e+01
8.009291992187499432e+01 -8.175499999999999545e+01
8.009296874999999716e+01 -8.310500000000000398e+01
8.009301757812500000e+01 -8.230500000000000682e+01
8.009306640625000284e+01 -7.997499999999999432e+01
8.009311523437500568e+01 -7.982500000000000284e+01
8.009316406249999432e+01 -8.060500000000000398e+01
8.009321289062499716e+01 -8.117499999999999716e+01
8.009326171875000000e+01 -7.969499999999999318e+01
8.009331054687500284e+01 -8.125499999999999545e+01
8.009335937500000568e+01 -8.248499999999999943e+01
8.009340820312499432e+01 -7.609499999999999886e+01
8.009345703124999716e+01 -8.131499999999999773e+01
8.009350585937500000e+01 -7.999500000000000455e+01
8.009355468750000284e+01 -8.101500000000000057e+01
8.009360351562500568e+01 -7.855500000000000682e+01
8.009365234374999432e+01 -8.738500000000000512e+01
8.009370117187499716e+01 -8.333499999999999375e+01
8.009375000000000000e+01 -7.890500000000000114e+01
8.009379882812500284e+01 -7.683499999999999375e+01
8.009384765625000568e+01 -8.136499999999999488e+01
8.009389648437499432e+01 -8.061499999999999488e+01
8.009394531249999716e+01 -8.085500000000000398e+01
8.009399414062500000e+01 -7.401500000000000057e+01
8.009404296875000284e+01 -7.672499999999999432e+01
8.009409179687500568e+01 -7.892499999999999716e+01
8.009414062499999432e+01 -8.074500000000000455e+01
8.009418945312499716e+01 -7.829500000000000171e+01
8.009423828125000000e+01 -8.260500000000000398e+01
8.009428710937500284e+01 -7.919499999999999318e+01
8.009433593750000568e+01 -7.925499999999999545e+01
8.009438476562499432e+01 -8.272499999999999432e+01
8.009443359374999716e+01 -8.425499999999999545e+01
8.009448242187500000e+01 -7.699500000000000455e+01
8.009453125000000284e+01 -7.866500000000000625e+01
8.009458007812500568e+01 -8.258499999999999375e+01
8.009462890624999432e+01 -8.139499999999999602e+01
8.009467773437499716e+01 -8.149500000000000455e+01
8.009472656250000000e+01 -7.939499999999999602e+01
8.009477539062500284e+01 -8.173499999999999943e+01
8.009482421875000568e+01 -7.774500000000000455e+01
8.009487304687499432e+01 -8.009499999999999886e+01
8.009492187499999716e+01 -7.742499999999999716e+01
8.009497070312500000e+01 -7.517499999999999716e+01
8.009501953125000284e+01 -7.681499999999999773e+01
8.009506835937500568e+01 -7.579500000000000171e+01
8.009511718749999432e+01 -7.819499999999999318e+01
8.009516601562499716e+01 -7.697499999999999432e+01
8.009521484375000000e+01 -7.547499999999999432e+01
8.009526367187500284e+01 -7.709499999999999886e+01
8.009531250000000568e+01 -7.640500000000000114e+01
8.009536132812499432e+01 -7.434499999999999886e+01
8.009541015624999716e+01 -7.943500000000000227e+01
8.009545898437500000e+01 -7.727500000000000568e+01
8.009550781250000284e+01 -7.545499999999999829e+01
8.009555664062500568e+01 -7.658499999999999375e+01
8.009560546874999432e+01 -7.484499999999999886e+01
8.009565429687499716e+01 -7.782500000000000284e+01
8.009570312500000000e+01 -7.890500000000000114e+01
8.009575195312500284e+01 -7.905500000000000682e+01
8.009580078125000568e+01 -7.587500000000000000e+01
8.009584960937499432e+01 -7.427500000000000568e+01
8.009589843749999716e+01 -7.717499999999999716e+01
8.009594726562500000e+01 -7.491500000000000625e+01
8.009599609375000284e+01 -7.691500000000000625e+01
8.009604492187500568e+01 -7.935500000000000398e+01
8.009609374999999432e+01 -7.643500000000000227e+01
8.009614257812499716e+01 -7.303499999999999659e+01
8.009619140625000000e+01 -7.893500000000000227e+01
8.009624023437500284e+01 -7.748499999999999943e+01
8.009628906250000568e+01 -7.651500000000000057e+01
8.009633789062499432e+01 -7.833499999999999375e+01
8.009638671874999716e+01 -7.919499999999999318e+01
8.009643554687500000e+01 -7.434499999999999886e+01
8.009648437500000284e+01 -7.330500000000000682e+01
8.009653320312500568e+01 -7.626500000000000057e+01
8.009658203124999432e+01 -7.454500000000000171e+01
8.009663085937499716e+01 -7.785500000000000398e+01
8.009667968750000000e+01 -7.637500000000000000e+01
8.009672851562500284e+01 -7.149500000000000455e+01
8.009677734375000568e+01 -7.727500000000000568e+01
8.009682617187499432e+01 -7.368500000000000227e+01
8.009687499999999716e+01 -7.443500000000000227e+01
8.009692382812500000e+01 -7.449500000000000455e+01
8.009697265625000284e+01 -7.084499999999999886e+01
8.009702148437500568e+01 -6.998499999999999943e+01
8.009707031249999432e+01 -7.670499999999999829e+01
8.009711914062499716e+01 -7.363500000000000512e+01
8.009716796875000000e+01 -7.233499999999999375e+01
8.009721679687500284e+01 -7.251500000000000057e+01
8.009726562500000568e+01 -7.125499999999999545e+01
8.009731445312499432e+01 -7.124500000000000455e+01
8.009736328124999716e+01 -7.099500000000000455e+01
8.009741210937500000e+01 -7.478499999999999659e+01
8.009746093750000284e+01 -7.158499999999999375e+01
8.009750976562500568e+01 -7.198499999999999943e+01
8.009755859374999432e+01 -7.439499999999999602e+01
8.009760742187499716e+01 -6.716500000000000625e+01
8.009765625000000000e+01 -7.199500000000000455e+01
8.009770507812500284e+01 -7.133499999999999375e+01
8.009775390625000568e+01 -7.126500000000000057e+01
8.009780273437499432e+01 -6.921500000000000341e+01
8.009785156249999716e+01 -7.094499999999999318e+01
8.009790039062500000e+01 -6.565500000000000114e+01
8.009794921875000284e+01 -6.978499999999999659e+01
8.009799804687500568e+01 -6.712500000000000000e+01
8.009804687499999432e+01 -6.603499999999999659e+01
8.009809570312499716e+01 -6.684499999999999886e+01
8.009814453125000000e+01 -6.490500000000000114e+01
8.009819335937500284e+01 -6.638500000000000512e+01
8.009824218750000568e+01 -6.200500000000000256e+01
8.009829101562499432e+01 -6.284499999999999886e+01
8.009833984374999716e+01 -5.911500000000000199e+01
8.009838867187500000e+01 -6.123499999999999943e+01
8.009843750000000284e+01 -6.798499999999999943e+01
8.009848632812500568e+01 -6.600499999999999545e+01
8.009853515624999432e+01 -6.799500000000000455e+01
8.009858398437499716e+01 -6.833499999999999375e+01
8.009863281250000000e+01 -6.767499999999999716e+01
8.009868164062500284e+01 -6.188499999999999801e+01
8.009873046875000568e+01 -6.498499999999999943e+01
8.009877929687499432e+01 -6.780500000000000682e+01
8.009882812499999716e+01 -6.659499999999999886e+01
8.009887695312500000e+01 -6.210499999999999687e+01
8.009892578125000284e+01 -6.649500000000000455e+01
8.009897460937500568e+01 -6.363499999999999801e+01
8.009902343749999432e+01 -6.482500000000000284e+01
8.009907226562499716e+01 -6.271500000000000341e+01
8.009912109375000000e+01 -6.439499999999999602e+01
8.009916992187500284e+01 -6.695499999999999829e+01
8.009921875000000568e+01 -6.132500000000000284e+01
8.009926757812499432e+01 -5.444500000000000028e+01
8.009931640624999716e+01 -5.904500000000000171e+01
8.009936523437500000e+01 -5.928499999999999659e+01
8.009941406250000284e+01 -5.591499999999999915e+01
8.009946289062500568e+01 -5.193500000000000227e+01
8.009951171874999432e+01 -4.051500000000000057e+01
8.009956054687499716e+01 -3.462500000000000000e+01
8.009960937500000000e+01 -4.444500000000000028e+01
8.009965820312500284e+01 -4.164500000000000313e+01
8.009970703125000568e+01 -5.126500000000000057e+01
8.009975585937499432e+01 -5.082500000000000284e+01
8.009980468749999716e+01 -5.324499999999999744e+01
8.009985351562500000e+01 -1.149499999999999922e+01
8.009990234375000284e+01 -6.149999999999999911e-01
8.009995117187500568e+01 -4.642499999999999716e+01
8.009999999999999432e+01 -5.512500000000000000e+01
8.010004882812499716e+01 -5.578499999999999659e+01
8.010009765625000000e+01 -4.780499999999999972e+01
8.010014648437500284e+01 -4.518500000000000227e+01
8.010019531250000568e+01 -3.222500000000000142e+01
8.010024414062499432e+01 -3.652499999999999858e+01
8.010029296874999716e+01 -5.349499999999999744e+01
8.010034179687500000e+01 -5.099499999999999744e+01
8.010039062500000284e+01 -6.102499999999999858e+01
8.010043945312500568e+01 -6.011500000000000199e+01
8.010048828124999432e+01 -5.546500000000000341e+01
8.010053710937499716e+01 -5.892499999999999716e+01
8.010058593750000000e+01 -6.473499999999999943e+01
8.010063476562500284e+01 -6.719499999999999318e+01
8.010068359375000568e+01 -6.276500000000000057e+01
8.010073242187499432e+01 -6.333500000000000085e+01
8.010078124999999716e+01 -6.798499999999999943e+01
8.010083007812500000e+01 -6.712500000000000000e+01
8.010087890625000284e+01 -6.447499999999999432e+01
8.010092773437500568e+01 -6.684499999999999886e+01
8.010097656249999432e+01 -6.503499999999999659e+01
8.010102539062499716e+01 -6.989499999999999602e+01
8.010107421875000000e+01 -6.597499999999999432e+01
8.010112304687500284e+01 -6.509499999999999886e+01
8.010117187500000568e+01 -6.396500000000000341e+01
8.010122070312499432e+01 -6.659499999999999886e+01
8.010126953124999716e+01 -6.501500000000000057e+01
8.010131835937500000e+01 -6.512500000000000000e+01
8.010136718750000284e+01 -6.472499999999999432e+01
8.010141601562500568e+01 -6.338499999999999801e+01
8.010146484374999432e+01 -6.640500000000000114e+01
8.010151367187499716e+01 -6.562500000000000000e+01
8.010156250000000000e+01 -6.684499999999999886e+01
8.010161132812500284e+01 -6.742499999999999716e+01
8.010166015625000568e+01 -6.832500000000000284e+01
8.010170898437499432e+01 -6.505500000000000682e+01
8.010175781249999716e+01 -6.567499999999999716e+01
8.010180664062500000e+01 -6.520499999999999829e+01
8.010185546875000284e+01 -7.001500000000000057e+01
8.010190429687500568e+01 -7.536499999999999488e+01
8.010195312499999432e+01 -6.694499999999999318e+01
8.010200195312499716e+01 -7.188500000000000512e+01
8.010205078125000000e+01 -7.533499999999999375e+01
8.010209960937500284e+01 -7.113500000000000512e+01
8.010214843750000568e+01 -6.936499999999999488e+01
8.010219726562499432e+01 -7.305500000000000682e+01
8.010224609374999716e+01 -7.084499999999999886e+01
8.010229492187500000e+01 -7.043500000000000227e+01
8.010234375000000284e+01 -6.956499999999999773e+01
8.010239257812500568e+01 -7.270499999999999829e+01
8.010244140624999432e+01 -7.545499999999999829e+01
8.010249023437499716e+01 -6.938500000000000512e+01
8.010253906250000000e+01 -7.319499999999999318e+01
8.010258789062500284e+01 -7.347499999999999432e+01
8.010263671875000568e+01 -7.323499999999999943e+01
8.010268554687499432e+01 -7.453499999999999659e+01
8.010273437499999716e+01 -7.216500000000000625e+01
8.010278320312500000e+01 -7.688500000000000512e+01
8.010283203125000284e+01 -7.457500000000000284e+01
8.010288085937500568e+01 -7.594499999999999318e+01
8.010292968749999432e+01 -7.046500000000000341e+01
8.010297851562499716e+01 -7.714499999999999602e+01
8.010302734375000000e+01 -7.417499999999999716e+01
8.010307617187500284e+01 -7.061499999999999488e+01
8.010312500000000568e+01 -7.125499999999999545e+01
8.010317382812499432e+01 -7.230500000000000682e+01
8.010322265624999716e+01 -7.456499999999999773e+01
8.010327148437500000e+01 -7.825499999999999545e+01
8.010332031250000284e+01 -7.879500000000000171e+01
8.010336914062500568e+01 -7.601500000000000057e+01
8.010341796874999432e+01 -7.347499999999999432e+01
8.010346679687499716e+01 -7.978499999999999659e+01
8.010351562500000000e+01 -7.871500000000000341e+01
8.010356445312500284e+01 -7.403499999999999659e+01
8.010361328125000568e+01 -7.394499999999999318e+01
8.010366210937499432e+01 -7.391500000000000625e+01
8.010371093749999716e+01 -7.735500000000000398e+01
8.010375976562500000e+01 -7.815500000000000114e+01
8.010380859375000284e+01 -7.580500000000000682e+01
8.010385742187500568e+01 -7.540500000000000114e+01
8.010390624999999432e+01 -7.726500000000000057e+01
8.010395507812499716e+01 -8.027500000000000568e+01
8.010400390625000000e+01 -7.885500000000000398e+01
8.010405273437500284e+01 -7.652500000000000568e+01
8.010410156250000568e+01 -7.817499999999999716e+01
8.010415039062499432e+01 -7.713500000000000512e+01
8.010419921874999716e+01 -7.772499999999999432e+01
8.010424804687500000e+01 -7.827500000000000568e+01
8.010429687500000284e+01 -7.885500000000000398e+01
8.010434570312500568e+01 -7.765500000000000114e+01
8.010439453124999432e+01 -7.280500000000000682e+01
8.010444335937499716e+01 -8.055500000000000682e+01
8.010449218750000000e+01 -7.831499999999999773e+01
8.010454101562500284e+01 -7.697499999999999432e+01
8.010458984375000568e+01 -7.936499999999999488e+01
8.010463867187499432e+01 -7.570499999999999829e+01
8.010468749999999716e+01 -7.727500000000000568e+01
8.010473632812500000e+01 -7.701500000000000057e+01
8.010478515625000284e+01 -7.614499999999999602e+01
8.010483398437500568e+01 -7.773499999999999943e+01
8.010488281249999432e+01 -7.853499999999999659e+01
8.010493164062499716e+01 -8.049500000000000455e+01
8.010498046875000000e+01 -7.976500000000000057e+01
8.010502929687500284e+01 -8.248499999999999943e+01
8.010507812500000568e+01 -7.590500000000000114e+01
8.010512695312499432e+01 -7.932500000000000284e+01
8.010517578124999716e+01 -7.941500000000000625e+01
8.010522460937500000e+01 -7.710500000000000398e+01
8.010527343750000284e+01 -7.727500000000000568e+01
8.010532226562500568e+01 -7.760500000000000398e+01
8.010537109374999432e+01 -8.048499999999999943e+01
8.010541992187499716e+01 -8.067499999999999716e+01
8.010546875000000000e+01 -8.001500000000000057e+01
8.010551757812500284e+01 -7.782500000000000284e+01
8.010556640625000568e+01 -7.830500000000000682e+01
8.010561523437499432e+01 -7.646500000000000341e+01
8.010566406249999716e+01 -7.818500000000000227e+01
8.010571289062500000e+01 -8.037500000000000000e+01
8.010576171875000284e+01 -8.782500000000000284e+01
8.010581054687500568e+01 -7.449500000000000455e+01
8.010585937499999432e+01 -7.936499999999999488e+01
8.010590820312499716e+01 -8.276500000000000057e+01
8.010595703125000000e+01 -8.267499999999999716e+01
8.010600585937500284e+01 -7.976500000000000057e+01
8.010605468750000568e+01 -7.764499999999999602e+01
8.010610351562499432e+01 -7.830500000000000682e+01
8.010615234374999716e+01 -7.950499999999999545e+01
8.010620117187500000e+01 -7.828499999999999659e+01
8.010625000000000284e+01 -7.882500000000000284e+01
8.010629882812500568e+01 -8.307500000000000284e+01
8.010634765624999432e+01 -8.308499999999999375e+01
8.010639648437499716e+01 -7.730500000000000682e+01
8.010644531250000000e+01 -7.775499999999999545e+01
8.010649414062500284e+01 -8.113500000000000512e+01
8.010654296875000568e+01 -8.257500000000000284e+01
8.010659179687499432e+01 -8.021500000000000341e+01
8.010664062499999716e+01 -7.920499999999999829e+01
8.010668945312500000e+01 -7.586499999999999488e+01
8.010673828125000284e+01 -8.099500000000000455e+01
8.010678710937500568e+01 -8.093500000000000227e+01
8.010683593749999432e+01 -8.141500000000000625e+01
8.010688476562499716e+01 -7.979500000000000171e+01
8.010693359375000000e+01 -8.473499999999999943e+01
8.010698242187500284e+01 -7.959499999999999886e+01
8.010703125000000568e+01 -8.048499999999999943e+01
8.010708007812499432e+01 -8.064499999999999602e+01
8.010712890624999716e+01 -8.246500000000000341e+01
8.010717773437500000e+01 -8.412500000000000000e+01
8.010722656250000284e+01 -8.276500000000000057e+01
8.010727539062500568e+01 -8.035500000000000398e+01
8.010732421874999432e+01 -8.175499999999999545e+01
8.010737304687499716e+01 -8.104500000000000171e+01
8.010742187500000000e+01 -7.876500000000000057e+01
8.010747070312500284e+01 -7.943500000000000227e+01
8.010751953125000568e+01 -8.088500000000000512e+01
8.010756835937499432e+01 -7.957500000000000284e+01
8.010761718749999716e+01 -8.050499999999999545e+01
8.010766601562500000e+01 -8.048499999999999943e+01
8.010771484375000284e+01 -8.466500000000000625e+01
8.010776367187500568e+01 -8.139499999999999602e+01
8.010781249999999432e+01 -8.223499999999999943e+01
8.010786132812499716e+01 -8.477500000000000568e+01
8.010791015625000000e+01 -8.149500000000000455e+01
8.010795898437500284e+01 -8.177500000000000568e+01
8.010800781250000568e+01 -8.055500000000000682e+01
8.010805664062499432e+01 -8.765500000000000114e+01
8.010810546874999716e+01 -7.768500000000000227e+01
8.010815429687500000e+01 -8.215500000000000114e+01
8.010820312500000284e+01 -7.941500000000000625e+01
8.010825195312500568e+01 -8.577500000000000568e+01
8.010830078124999432e+01 -8.518500000000000227e+01
8.010834960937499716e+01 -8.333499999999999375e+01
8.010839843750000000e+01 -7.874500000000000455e+01
8.010844726562500284e+01 -8.339499999999999602e+01
8.010849609375000568e+01 -8.336499999999999488e+01
8.010854492187499432e+01 -8.342499999999999716e+01
8.010859374999999716e+01 -8.563500000000000512e+01
8.010864257812500000e+01 -8.159499999999999886e+01
8.010869140625000284e+01 -7.930500000000000682e+01
8.010874023437500568e+01 -8.058499999999999375e+01
8.010878906249999432e+01 -8.507500000000000284e+01
8.010883789062499716e+01 -8.421500000000000341e+01
8.010888671875000000e+01 -8.384499999999999886e+01
8.010893554687500284e+01 -8.579500000000000171e+01
8.010898437500000568e+01 -8.134499999999999886e+01
8.010903320312499432e+01 -8.310500000000000398e+01
8.010908203124999716e+01 -8.897499999999999432e+01
8.010913085937500000e+01 -8.200499999999999545e+01
8.010917968750000284e+01 -8.543500000000000227e+01
8.010922851562500568e+01 -8.035500000000000398e+01
8.010927734374999432e+01 -8.257500000000000284e+01
8.010932617187499716e+01 -8.271500000000000341e+01
8.010937500000000000e+01 -8.265500000000000114e+01
8.010942382812500284e+01 -8.347499999999999432e+01
8.010947265625000568e+01 -8.228499999999999659e+01
8.010952148437499432e+01 -8.396500000000000341e+01
8.010957031249999716e+01 -8.367499999999999716e+01
8.010961914062500000e+01 -8.116500000000000625e+01
8.010966796875000284e+01 -8.190500000000000114e+01
8.010971679687500568e+01 -8.540500000000000114e+01
8.010976562499999432e+01 -8.523499999999999943e+01
8.010981445312499716e+01 -8.341500000000000625e+01
8.010986328125000000e+01 -8.464499999999999602e+01
8.010991210937500284e+01 -8.483499999999999375e+01
8.010996093750000568e+01 -8.560500000000000398e+01
8.011000976562499432e+01 -8.244499999999999318e+01
8.011005859374999716e+01 -8.523499999999999943e+01
8.011010742187500000e+01 -8.299500000000000455e+01
8.011015625000000284e+01 -8.924500000000000455e+01
8.011020507812500568e+01 -8.685500000000000398e+01
8.011025390624999432e+01 -8.591500000000000625e+01
8.011030273437499716e+01 -8.192499999999999716e+01
8.011035156250000000e+01 -9.147499999999999432e+01
8.011040039062500284e+01 -8.248499999999999943e+01
8.011044921875000568e+01 -8.255500000000000682e+01
8.011049804687499432e+01 -8.543500000000000227e+01
8.011054687499999716e+01 -8.110500000000000398e+01
8.011059570312500000e+01 -8.531499999999999773e+01
8.011064453125000284e+01 -8.137500000000000000e+01
8.011069335937500568e+01 -8.775499999999999545e+01
8.011074218749999432e+01 -8.083499999999999375e+01
8.011079101562499716e+01 -8.653499999999999659e+01
8.011083984375000000e+01 -8.192499999999999716e+01
8.011088867187500284e+01 -8.352500000000000568e+01
8.011093750000000568e+01 -8.573499999999999943e+01
8.011098632812499432e+01 -8.434499999999999886e+01
8.011103515624999716e+01 -9.097499999999999432e+01
8.011108398437500000e+01 -8.684499999999999886e+01
8.011113281250000284e+01 -8.875499999999999545e+01
8.011118164062500568e+01 -8.183499999999999375e+01
8.011123046874999432e+01 -8.386499999999999488e+01
8.011127929687499716e+01 -7.903499999999999659e+01
8.011132812500000000e+01 -8.537500000000000000e+01
8.011137695312500284e+01 -8.310500000000000398e+01
8.011142578125000568e+01 -8.114499999999999602e+01
8.011147460937499432e+01 -8.186499999999999488e+01
8.011152343749999716e+01 -8.683499999999999375e+01
8.011157226562500000e+01 -8.516500000000000625e+01
8.011162109375000284e+01 -8.275499999999999545e+01
8.011166992187500568e+01 -8.844499999999999318e+01
8.011171874999999432e+01 -8.347499999999999432e+01
8.011176757812499716e+01 -8.288500000000000512e+01
8.011181640625000000e+01 -8.305500000000000682e+01
8.011186523437500284e+01 -8.460500000000000398e+01
8.011191406250000568e+01 -8.117499999999999716e+01
8.011196289062499432e+01 -7.888500000000000512e+01
8.011201171874999716e+01 -8.784499999999999886e+01
8.011206054687500000e+01 -8.379500000000000171e+01
8.011210937500000284e+01 -7.974500000000000455e+01
8.011215820312500568e+01 -9.342499999999999716e+01
8.011220703124999432e+01 -8.196500000000000341e+01
8.011225585937499716e+01 -8.418500000000000227e+01
8.011230468750000000e+01 -8.365500000000000114e+01
8.011235351562500284e+01 -8.530500000000000682e+01
8.011240234375000568e+01 -8.166500000000000625e+01
8.011245117187499432e+01 -8.157500000000000284e+01
8.011249999999999716e+01 -8.220499999999999829e+01
8.011254882812500000e+01 -8.235500000000000398e+01
8.011259765625000284e+01 -8.037500000000000000e+01
8.011264648437500568e+01 -8.278499999999999659e+01
8.011269531249999432e+01 -8.114499999999999602e+01
8.011274414062499716e+01 -8.371500000000000341e+01
8.011279296875000000e+01 -8.705500000000000682e+01
8.011284179687500284e+01 -8.265500000000000114e+01
8.011289062500000568e+01 -8.633499999999999375e+01
8.011293945312499432e+01 -8.331499999999999773e+01
8.011298828124999716e+01 -8.000499999999999545e+01
8.011303710937500000e+01 -8.745499999999999829e+01
8.011308593750000284e+01 -8.980500000000000682e+01
8.011313476562500568e+01 -7.974500000000000455e+01
8.011318359374999432e+01 -8.615500000000000114e+01
8.011323242187499716e+01 -8.325499999999999545e+01
8.011328125000000000e+01 -8.288500000000000512e+01
8.011333007812500284e+01 -8.220499999999999829e+01
8.011337890625000568e+01 -8.427500000000000568e+01
8.011342773437499432e+01 -8.154500000000000171e+01
8.011347656249999716e+01 -8.164499999999999602e+01
8.011352539062500000e+01 -8.188500000000000512e+01
8.011357421875000284e+01 -8.135500000000000398e+01
8.011362304687500568e+01 -8.108499999999999375e+01
8.011367187499999432e+01 -8.248499999999999943e+01
8.011372070312499716e+01 -8.179500000000000171e+01
8.011376953125000000e+01 -8.065500000000000114e+01
8.011381835937500284e+01 -7.884499999999999886e+01
8.011386718750000568e+01 -8.216500000000000625e+01
8.011391601562499432e+01 -8.210500000000000398e+01
8.011396484374999716e+01 -7.815500000000000114e+01
8.011401367187500000e+01 -7.921500000000000341e+01
8.011406250000000284e+01 -7.879500000000000171e+01
8.011411132812500568e+01 -7.734499999999999886e+01
8.011416015624999432e+01 -7.602500000000000568e+01
8.011420898437499716e+01 -7.706499999999999773e+01
8.011425781250000000e+01 -8.069499999999999318e+01
8.011430664062500284e+01 -7.940500000000000114e+01
8.011435546875000568e+01 -7.461499999999999488e+01
8.011440429687499432e+01 -7.555500000000000682e+01
8.011445312499999716e+01 -7.173499999999999943e+01
8.011450195312500000e+01 -7.304500000000000171e+01
8.011455078125000284e+01 -7.434499999999999886e+01
8.011459960937500568e+01 -7.884499999999999886e+01
8.011464843749999432e+01 -8.009499999999999886e+01
8.011469726562499716e+01 -7.716500000000000625e+01
8.011474609375000000e+01 -7.837500000000000000e+01
8.011479492187500284e+01 -7.897499999999999432e+01
8.011484375000000568e+01 -8.108499999999999375e+01
8.011489257812499432e+01 -7.967499999999999716e+01
8.011494140624999716e+01 -8.029500000000000171e+01
8.011499023437500000e+01 -8.438500000000000512e+01
8.011503906250000284e+01 -8.271500000000000341e+01
8.011508789062500568e+01 -8.147499999999999432e+01
8.011513671874999432e+01 -8.194499999999999318e+01
8.011518554687499716e+01 -7.807500000000000284e+01
8.011523437500000000e+01 -7.950499999999999545e+01
8.011528320312500284e+01 -8.704500000000000171e+01
8.011533203125000568e+01 -8.168500000000000227e+01
8.011538085937499432e+01 -8.235500000000000398e+01
8.011542968749999716e+01 -7.911499999999999488e+01
8.011547851562500000e+01 -8.023499999999999943e+01
8.011552734375000284e+01 -8.449500000000000455e+01
8.011557617187500568e+01 -8.127500000000000568e+01
8.011562499999999432e+01 -8.141500000000000625e+01
8.011567382812499716e+01 -8.281499999999999773e+01
8.011572265625000000e+01 -8.584499999999999886e+01
8.011577148437500284e+01 -8.515500000000000114e+01
8.011582031250000568e+01 -8.102500000000000568e+01
8.011586914062499432e+01 -8.553499999999999659e+01
8.011591796874999716e+01 -8.407500000000000284e+01
8.011596679687500000e+01 -8.349500000000000455e+01
8.011601562500000284e+01 -8.404500000000000171e+01
8.011606445312500568e+01 -8.459499999999999886e+01
8.011611328124999432e+01 -8.459499999999999886e+01
8.011616210937499716e+01 -8.064499999999999602e+01
8.011621093750000000e+01 -8.159499999999999886e+01
8.011625976562500284e+01 -8.154500000000000171e+01
8.011630859375000568e+01 -8.764499999999999602e+01
8.011635742187499432e+01 -8.624500000000000455e+01
8.011640624999999716e+01 -8.116500000000000625e+01
8.011645507812500000e+01 -8.855500000000000682e+01
8.011650390625000284e+01 -8.681499999999999773e+01
8.011655273437500568e+01 -8.719499999999999318e+01
8.011660156249999432e+01 -8.762500000000000000e+01
8.011665039062499716e+01 -8.333499999999999375e+01
8.011669921875000000e+01 -8.276500000000000057e+01
8.011674804687500284e+01 -8.600499999999999545e+01
8.011679687500000568e+01 -8.272499999999999432e+01
8.011684570312499432e+01 -8.404500000000000171e+01
8.011689453124999716e+01 -8.843500000000000227e+01
8.011694335937500000e+01 -8.577500000000000568e+01
8.011699218750000284e+01 -8.519499999999999318e+01
8.011704101562500568e+01 -8.397499999999999432e+01
8.011708984374999432e+01 -8.300499999999999545e+01
8.011713867187499716e+01 -8.179500000000000171e+01
8.011718750000000000e+01 -8.312500000000000000e+01
8.011723632812500284e+01 -8.855500000000000682e+01
8.011728515625000568e+01 -8.815500000000000114e+01
8.011733398437499432e+01 -8.719499999999999318e+01
8.011738281249999716e+01 -8.729500000000000171e+01
8.011743164062500000e+01 -8.781499999999999773e+01
8.011748046875000284e+01 -8.343500000000000227e+01
8.011752929687500568e+01 -9.145499999999999829e+01
8.011757812499999432e+01 -8.497499999999999432e+01
8.011762695312499716e+01 -8.761499999999999488e+01
8.011767578125000000e+01 -8.603499999999999659e+01
8.011772460937500284e+01 -8.498499999999999943e+01
8.011777343750000568e+01 -8.347499999999999432e+01
8.011782226562499432e+01 -8.277500000000000568e+01
8.011787109374999716e+01 -9.251500000000000057e+01
8.011791992187500000e+01 -8.756499999999999773e+01
8.011796875000000284e+01 -8.500499999999999545e+01
8.011801757812500568e+01 -9.117499999999999716e+01
8.011806640624999432e+01 -8.785500000000000398e+01
8.011811523437499716e+01 -8.760500000000000398e+01
8.011816406250000000e+01 -8.735500000000000398e+01
8.011821289062500284e+01 -8.711499999999999488e+01
8.011826171875000568e+01 -8.876500000000000057e+01
8.011831054687499432e+01 -8.563500000000000512e+01
8.011835937499999716e+01 -8.292499999999999716e+01
8.011840820312500000e+01 -8.639499999999999602e+01
8.011845703125000284e+01 -8.593500000000000227e+01
8.011850585937500568e+01 -8.877500000000000568e+01
8.011855468749999432e+01 -8.574500000000000455e+01
8.011860351562499716e+01 -8.752500000000000568e+01
8.011865234375000000e+01 -9.146500000000000341e+01
8.011870117187500284e+01 -8.634499999999999886e+01
8.011875000000000568e+01 -8.750499999999999545e+01
8.011879882812499432e+01 -8.497499999999999432e+01
8.011884765624999716e+01 -8.220499999999999829e+01
8.011889648437500000e+01 -8.491500000000000625e+01
8.011894531250000284e+01 -8.962500000000000000e+01
8.011899414062500568e+01 -8.592499999999999716e+01
8.011904296874999432e+01 -8.835500000000000398e+01
8.011909179687499716e+01 -8.284499999999999886e+01
8.011914062500000000e+01 -8.709499999999999886e+01
8.011918945312500284e+01 -8.730500000000000682e+01
8.011923828125000568e+01 -8.716500000000000625e+01
8.011928710937499432e+01 -8.478499999999999659e+01
8.011933593749999716e+01 -8.624500000000000455e+01
8.011938476562500000e+01 -8.816500000000000625e+01
8.011943359375000284e+01 -8.857500000000000284e+01
8.011948242187500568e+01 -8.570499999999999829e+01
8.011953124999999432e+01 -8.981499999999999773e+01
8.011958007812499716e+01 -8.554500000000000171e+01
8.011962890625000000e+01 -9.085500000000000398e+01
8.011967773437500284e+01 -8.794499999999999318e+01
8.011972656250000568e+01 -8.581499999999999773e+01
8.011977539062499432e+01 -8.825499999999999545e+01
8.011982421874999716e+01 -8.811499999999999488e+01
8.011987304687500000e+01 -8.766500000000000625e+01
8.011992187500000284e+01 -8.836499999999999488e+01
8.011997070312500568e+01 -8.659499999999999886e+01
8.012001953124999432e+01 -8.652500000000000568e+01
8.012006835937499716e+01 -8.205500000000000682e+01
8.012011718750000000e+01 -8.931499999999999773e+01
8.012016601562500284e+01 -8.817499999999999716e+01
8.012021484375000568e+01 -8.417499999999999716e+01
8.012026367187499432e+01 -8.666500000000000625e+01
8.012031249999999716e+01 -8.968500000000000227e+01
8.012036132812500000e+01 -8.708499999999999375e+01
8.012041015625000284e+01 -8.588500000000000512e+01
8.012045898437500568e+01 -8.626500000000000057e+01
8.012050781249999432e+01 -8.694499999999999318e+01
8.012055664062499716e+01 -8.282500000000000284e+01
8.012060546875000000e+01 -8.363500000000000512e+01
8.012065429687500284e+01 -8.776500000000000057e+01
8.012070312500000568e+01 -8.561499999999999488e+01
8.012075195312499432e+01 -8.741500000000000625e+01
8.012080078124999716e+01 -8.321500000000000341e+01
8.012084960937500000e+01 -9.039499999999999602e+01
8.012089843750000284e+01 -8.703499999999999659e+01
8.012094726562500568e+01 -8.816500000000000625e+01
8.012099609374999432e+01 -8.869499999999999318e+01
8.012104492187499716e+01 -8.805500000000000682e+01
8.012109375000000000e+01 -8.462500000000000000e+01
8.012114257812500284e+01 -8.606499999999999773e+01
8.012119140625000568e+01 -8.867499999999999716e+01
8.012124023437499432e+01 -8.796500000000000341e+01
8.012128906249999716e+01 -8.586499999999999488e+01
8.012133789062500000e+01 -8.961499999999999488e+01
8.012138671875000284e+01 -8.648499999999999943e+01
8.012143554687500568e+01 -8.483499999999999375e+01
8.012148437499999432e+01 -8.823499999999999943e+01
8.012153320312499716e+01 -8.526500000000000057e+01
8.012158203125000000e+01 -8.937500000000000000e+01
8.012163085937500284e+01 -8.445499999999999829e+01
8.012167968750000568e+01 -8.810500000000000398e+01
8.012172851562499432e+01 -8.769499999999999318e+01
8.012177734374999716e+01 -8.665500000000000114e+01
8.012182617187500000e+01 -8.929500000000000171e+01
8.012187500000000284e+01 -8.558499999999999375e+01
8.012192382812500568e+01 -8.501500000000000057e+01
8.012197265624999432e+01 -8.392499999999999716e+01
8.012202148437499716e+01 -8.821500000000000341e+01
8.012207031250000000e+01 -8.808499999999999375e+01
8.012211914062500284e+01 -8.537500000000000000e+01
8.012216796875000568e+01 -8.748499999999999943e+01
8.012221679687499432e+01 -8.789499999999999602e+01
8.012226562499999716e+01 -8.740500000000000114e+01
8.012231445312500000e+01 -8.607500000000000284e+01
8.012236328125000284e+01 -8.824500000000000455e+01
8.012241210937500568e+01 -8.635500000000000398e+01
8.012246093749999432e+01 -8.703499999999999659e+01
8.012250976562499716e+01 -8.450499999999999545e+01
8.012255859375000000e+01 -8.374500000000000455e+01
8.012260742187500284e+01 -8.949500000000000455e+01
8.012265625000000568e+01 -9.034499999999999886e+01
8.012270507812499432e+01 -8.889499999999999602e+01
8.012275390624999716e+01 -8.545499999999999829e+01
8.012280273437500000e+01 -8.590500000000000114e+01
8.012285156250000284e+01 -8.647499999999999432e+01
8.012290039062500568e+01 -8.853499999999999659e+01
8.012294921874999432e+01 -8.391500000000000625e+01
8.012299804687499716e+01 -8.344499999999999318e+01
8.012304687500000000e+01 -8.743500000000000227e+01
8.012309570312500284e+01 -8.869499999999999318e+01
8.012314453125000568e+01 -9.129500000000000171e+01
8.012319335937499432e+01 -9.122499999999999432e+01
8.012324218749999716e+01 -8.822499999999999432e+01
8.012329101562500000e+01 -9.180500000000000682e+01
8.012333984375000284e+01 -8.820499999999999829e+01
8.012338867187500568e+01 -8.665500000000000114e+01
8.012343749999999432e+01 -9.235500000000000398e+01
8.012348632812499716e+01 -8.833499999999999375e+01
8.012353515625000000e+01 -8.494499999999999318e+01
8.012358398437500284e+01 -8.805500000000000682e+01
8.012363281250000568e+01 -8.531499999999999773e+01
8.012368164062499432e+01 -8.544499999999999318e+01
8.012373046874999716e+01 -9.150499999999999545e+01
8.012377929687500000e+01 -8.348499999999999943e+01
8.012382812500000284e+01 -8.813500000000000512e+01
8.012387695312500568e+01 -8.881499999999999773e+01
8.012392578124999432e+01 -8.886499999999999488e+01
8.012397460937499716e+01 -8.509499999999999886e+01
8.012402343750000000e+01 -8.747499999999999432e+01
8.012407226562500284e+01 -8.320499999999999829e+01
8.012412109375000568e+01 -8.651500000000000057e+01
8.012416992187499432e+01 -8.335500000000000398e+01
8.012421874999999716e+01 -8.100499999999999545e+01
8.012426757812500000e+01 -8.877500000000000568e+01
8.012431640625000284e+01 -8.626500000000000057e+01
8.012436523437500568e+01 -8.704500000000000171e+01
8.012441406249999432e+01 -8.952500000000000568e+01
8.012446289062499716e+01 -8.867499999999999716e+01
8.012451171875000000e+01 -8.445499999999999829e+01
8.012456054687500284e+01 -8.691500000000000625e+01
8.012460937500000568e+01 -9.097499999999999432e+01
8.012465820312499432e+01 -8.862500000000000000e+01
8.012470703124999716e+01 -8.739499999999999602e+01
8.012475585937500000e+01 -8.425499999999999545e+01
8.012480468750000284e+01 -8.625499999999999545e+01
8.012485351562500568e+01 -9.269499999999999318e+01
8.012490234374999432e+01 -8.326500000000000057e+01
8.012495117187499716e+01 -8.785500000000000398e+01
