8.007499999999998863e+01 -8.748000000000000398e+01
8.012382812499998863e+01 -8.720999999999999375e+01
8.017265624999998863e+01 -8.817000000000000171e+01
8.022148437499998863e+01 -9.251000000000000512e+01
8.027031249999998863e+01 -8.859000000000000341e+01
8.031914062499998863e+01 -8.448999999999999488e+01
8.036796874999998863e+01 -8.818000000000000682e+01
8.041679687499998863e+01 -8.643000000000000682e+01
8.046562499999998863e+01 -8.668999999999999773e+01
8.051445312499998863e+01 -8.679999999999999716e+01
8.056328124999998863e+01 -8.543999999999999773e+01
8.061210937499998863e+01 -8.512000000000000455e+01
8.066093749999998863e+01 -8.267000000000000171e+01
8.070976562499998863e+01 -9.043000000000000682e+01
8.075859374999998863e+01 -8.904999999999999716e+01
8.080742187499998863e+01 -8.509000000000000341e+01
8.085624999999998863e+01 -8.818999999999999773e+01
8.090507812499998863e+01 -8.895000000000000284e+01
8.095390624999998863e+01 -9.206999999999999318e+01
8.100273437499998863e+01 -9.087999999999999545e+01
8.105156249999998863e+01 -8.943999999999999773e+01
8.110039062499998863e+01 -8.690999999999999659e+01
8.114921874999998863e+01 -8.573999999999999488e+01
8.119804687499998863e+01 -8.501000000000000512e+01
8.124687499999998863e+01 -8.570999999999999375e+01
8.129570312499998863e+01 -8.587000000000000455e+01
8.134453124999998863e+01 -8.860999999999999943e+01
8.139335937499998863e+01 -9.064000000000000057e+01
8.144218749999998863e+01 -8.520999999999999375e+01
8.149101562499998863e+01 -8.825000000000000000e+01
8.153984374999998863e+01 -8.943000000000000682e+01
8.158867187499998863e+01 -8.659999999999999432e+01
8.163749999999998863e+01 -8.490999999999999659e+01
8.168632812499998863e+01 -8.884999999999999432e+01
8.173515624999998863e+01 -8.804000000000000625e+01
8.178398437499998863e+01 -8.723999999999999488e+01
8.183281249999998863e+01 -8.835999999999999943e+01
8.188164062499998863e+01 -8.429999999999999716e+01
8.193046874999998863e+01 -9.095000000000000284e+01
8.197929687499998863e+01 -8.818000000000000682e+01
8.202812499999998863e+01 -8.553000000000000114e+01
8.207695312499998863e+01 -8.595999999999999375e+01
8.212578124999998863e+01 -8.834000000000000341e+01
8.217460937499998863e+01 -8.654000000000000625e+01
8.222343749999998863e+01 -8.851999999999999602e+01
8.227226562499998863e+01 -8.418999999999999773e+01
8.232109374999998863e+01 -8.987999999999999545e+01
8.236992187499998863e+01 -8.784000000000000341e+01
8.241874999999998863e+01 -8.806999999999999318e+01
8.246757812499998863e+01 -9.265999999999999659e+01
8.251640624999998863e+01 -8.509000000000000341e+01
8.256523437499998863e+01 -8.617000000000000171e+01
8.261406249999998863e+01 -8.434999999999999432e+01
8.266289062499998863e+01 -8.645999999999999375e+01
8.271171874999998863e+01 -8.907999999999999829e+01
8.276054687499998863e+01 -8.995000000000000284e+01
8.280937499999998863e+01 -8.807999999999999829e+01
8.285820312499998863e+01 -8.939000000000000057e+01
8.290703124999998863e+01 -8.829999999999999716e+01
8.295585937499998863e+01 -8.728000000000000114e+01
8.300468749999998863e+01 -8.778000000000000114e+01
8.305351562499998863e+01 -8.664000000000000057e+01
8.310234374999998863e+01 -8.920999999999999375e+01
8.315117187499998863e+01 -8.984999999999999432e+01
8.319999999999998863e+01 -8.746999999999999886e+01
8.324882812499998863e+01 -8.912000000000000455e+01
8.329765624999998863e+01 -8.601999999999999602e+01
8.334648437499998863e+01 -8.540999999999999659e+01
8.339531249999998863e+01 -8.415000000000000568e+01
8.344414062499998863e+01 -8.881999999999999318e+01
8.349296874999998863e+01 -8.431000000000000227e+01
8.354179687499998863e+01 -8.568000000000000682e+01
8.359062499999998863e+01 -8.576000000000000512e+01
8.363945312499998863e+01 -8.412999999999999545e+01
8.368828124999998863e+01 -8.726000000000000512e+01
8.373710937499998863e+01 -8.998000000000000398e+01
8.378593749999998863e+01 -9.128000000000000114e+01
8.383476562499998863e+01 -9.028000000000000114e+01
8.388359374999998863e+01 -8.806000000000000227e+01
8.393242187499998863e+01 -8.626999999999999602e+01
8.398124999999998863e+01 -8.548000000000000398e+01
8.403007812499998863e+01 -8.948000000000000398e+01
8.407890624999998863e+01 -8.396999999999999886e+01
8.412773437499998863e+01 -9.365000000000000568e+01
8.417656249999998863e+01 -8.493999999999999773e+01
8.422539062499998863e+01 -8.573000000000000398e+01
8.427421874999998863e+01 -8.521999999999999886e+01
8.432304687499998863e+01 -8.637000000000000455e+01
8.437187499999998863e+01 -8.620000000000000284e+01
8.442070312499998863e+01 -8.807999999999999829e+01
8.446953124999998863e+01 -8.562999999999999545e+01
8.451835937499998863e+01 -8.512999999999999545e+01
8.456718749999998863e+01 -8.776000000000000512e+01
8.461601562499998863e+01 -8.646999999999999886e+01
8.466484374999998863e+01 -8.792000000000000171e+01
8.471367187499998863e+01 -8.623000000000000398e+01
8.476249999999998863e+01 -8.715000000000000568e+01
8.481132812499998863e+01 -8.678000000000000114e+01
8.486015624999998863e+01 -8.623000000000000398e+01
8.490898437499998863e+01 -8.864000000000000057e+01
8.495781249999998863e+01 -8.773999999999999488e+01
8.500664062499998863e+01 -8.779000000000000625e+01
8.505546874999998863e+01 -8.484999999999999432e+01
8.510429687499998863e+01 -8.775000000000000000e+01
8.515312499999998863e+01 -8.323999999999999488e+01
8.520195312499998863e+01 -8.621999999999999886e+01
8.525078124999998863e+01 -8.648999999999999488e+01
8.529960937499998863e+01 -8.623999999999999488e+01
8.534843749999998863e+01 -8.870000000000000284e+01
8.539726562499998863e+01 -8.812000000000000455e+01
8.544609374999998863e+01 -8.576000000000000512e+01
8.549492187499998863e+01 -8.429000000000000625e+01
8.554374999999998863e+01 -8.718999999999999773e+01
8.559257812499998863e+01 -9.057999999999999829e+01
8.564140624999998863e+01 -8.828000000000000114e+01
8.569023437499998863e+01 -8.823999999999999488e+01
8.573906249999998863e+01 -8.420000000000000284e+01
8.578789062499998863e+01 -8.564000000000000057e+01
8.583671874999998863e+01 -8.629000000000000625e+01
8.588554687499998863e+01 -8.704000000000000625e+01
8.593437499999998863e+01 -8.784999999999999432e+01
8.598320312499998863e+01 -8.476999999999999602e+01
8.603203124999998863e+01 -8.670999999999999375e+01
8.608085937499998863e+01 -8.792000000000000171e+01
8.612968749999998863e+01 -8.545000000000000284e+01
8.617851562499998863e+01 -8.690999999999999659e+01
8.622734374999998863e+01 -8.429000000000000625e+01
8.627617187499998863e+01 -8.640999999999999659e+01
8.632499999999998863e+01 -8.584000000000000341e+01
8.637382812499998863e+01 -8.762999999999999545e+01
8.642265624999998863e+01 -8.504000000000000625e+01
8.647148437499998863e+01 -8.362999999999999545e+01
8.652031249999998863e+01 -8.439000000000000057e+01
8.656914062499998863e+01 -8.314000000000000057e+01
8.661796874999998863e+01 -8.767000000000000171e+01
8.666679687499998863e+01 -8.890999999999999659e+01
8.671562499999998863e+01 -8.568000000000000682e+01
8.676445312499998863e+01 -8.693000000000000682e+01
8.681328124999998863e+01 -8.637000000000000455e+01
8.686210937499998863e+01 -8.159000000000000341e+01
8.691093749999998863e+01 -8.831999999999999318e+01
8.695976562499998863e+01 -8.692000000000000171e+01
8.700859374999998863e+01 -8.851000000000000512e+01
8.705742187499998863e+01 -8.831000000000000227e+01
8.710624999999998863e+01 -8.718000000000000682e+01
8.715507812499998863e+01 -8.557999999999999829e+01
8.720390624999998863e+01 -8.656000000000000227e+01
8.725273437499998863e+01 -8.856999999999999318e+01
8.730156249999998863e+01 -8.729999999999999716e+01
8.735039062499998863e+01 -8.706999999999999318e+01
8.739921874999998863e+01 -8.631000000000000227e+01
8.744804687499998863e+01 -8.473000000000000398e+01
8.749687499999998863e+01 -8.609000000000000341e+01
8.754570312499998863e+01 -8.560999999999999943e+01
8.759453124999998863e+01 -9.076000000000000512e+01
8.764335937499998863e+01 -8.843999999999999773e+01
8.769218749999998863e+01 -8.807999999999999829e+01
8.774101562499998863e+01 -8.679999999999999716e+01
8.778984374999998863e+01 -8.865999999999999659e+01
8.783867187499998863e+01 -8.343999999999999773e+01
8.788749999999998863e+01 -8.823000000000000398e+01
8.793632812499998863e+01 -8.528000000000000114e+01
8.798515624999998863e+01 -8.640999999999999659e+01
8.803398437499998863e+01 -8.320999999999999375e+01
8.808281249999998863e+01 -8.726000000000000512e+01
8.813164062499998863e+01 -9.115999999999999659e+01
8.818046874999998863e+01 -8.990999999999999659e+01
8.822929687499998863e+01 -8.456999999999999318e+01
8.827812499999998863e+01 -8.589000000000000057e+01
8.832695312499998863e+01 -8.937000000000000455e+01
8.837578124999998863e+01 -8.359000000000000341e+01
8.842460937499998863e+01 -8.401999999999999602e+01
8.847343749999998863e+01 -8.515000000000000568e+01
8.852226562499998863e+01 -8.562999999999999545e+01
8.857109374999998863e+01 -8.226000000000000512e+01
8.861992187499998863e+01 -8.476000000000000512e+01
8.866874999999998863e+01 -8.462000000000000455e+01
8.871757812499998863e+01 -8.779999999999999716e+01
8.876640624999998863e+01 -8.506999999999999318e+01
8.881523437499998863e+01 -8.718000000000000682e+01
8.886406249999998863e+01 -8.962000000000000455e+01
8.891289062499998863e+01 -8.634000000000000341e+01
8.896171874999998863e+01 -8.534000000000000341e+01
8.901054687499998863e+01 -8.453000000000000114e+01
8.905937499999998863e+01 -8.196999999999999886e+01
8.910820312499998863e+01 -8.684999999999999432e+01
8.915703124999998863e+01 -8.789000000000000057e+01
8.920585937499998863e+01 -8.501999999999999602e+01
8.925468749999998863e+01 -8.748000000000000398e+01
8.930351562499998863e+01 -8.534000000000000341e+01
8.935234374999998863e+01 -8.734000000000000341e+01
8.940117187499998863e+01 -8.593999999999999773e+01
8.944999999999998863e+01 -8.171999999999999886e+01
8.949882812499998863e+01 -8.231000000000000227e+01
8.954765624999998863e+01 -8.368000000000000682e+01
8.959648437499998863e+01 -8.365999999999999659e+01
8.964531249999998863e+01 -8.518999999999999773e+01
8.969414062499998863e+01 -8.718000000000000682e+01
8.974296874999998863e+01 -8.720000000000000284e+01
8.979179687499998863e+01 -8.484000000000000341e+01
8.984062499999998863e+01 -8.395999999999999375e+01
8.988945312499998863e+01 -8.442000000000000171e+01
8.993828124999998863e+01 -9.095000000000000284e+01
8.998710937499998863e+01 -8.764000000000000057e+01
9.003593749999998863e+01 -8.585999999999999943e+01
9.008476562499998863e+01 -8.554000000000000625e+01
9.013359374999998863e+01 -8.409000000000000341e+01
9.018242187499998863e+01 -8.034000000000000341e+01
9.023124999999998863e+01 -7.981000000000000227e+01
9.028007812499998863e+01 -8.020000000000000284e+01
9.032890624999998863e+01 -8.023999999999999488e+01
9.037773437499998863e+01 -7.878000000000000114e+01
9.042656249999998863e+01 -8.042000000000000171e+01
9.047539062499998863e+01 -7.895999999999999375e+01
9.052421874999998863e+01 -7.787000000000000455e+01
9.057304687499998863e+01 -7.951999999999999602e+01
9.062187499999998863e+01 -7.937999999999999545e+01
9.067070312499998863e+01 -7.831999999999999318e+01
9.071953124999998863e+01 -7.987000000000000455e+01
9.076835937499998863e+01 -8.004000000000000625e+01
9.081718749999998863e+01 -7.909000000000000341e+01
9.086601562499998863e+01 -7.871999999999999886e+01
9.091484374999998863e+01 -7.526000000000000512e+01
9.096367187499998863e+01 -8.060999999999999943e+01
9.101249999999998863e+01 -7.926999999999999602e+01
9.106132812499998863e+01 -8.145999999999999375e+01
9.111015624999998863e+01 -8.479000000000000625e+01
9.115898437499998863e+01 -7.962999999999999545e+01
9.120781249999998863e+01 -7.848999999999999488e+01
9.125664062499998863e+01 -7.985999999999999943e+01
9.130546874999998863e+01 -8.043999999999999773e+01
9.135429687499998863e+01 -8.250000000000000000e+01
9.140312499999998863e+01 -7.921999999999999886e+01
9.145195312499998863e+01 -7.909000000000000341e+01
9.150078124999998863e+01 -7.923999999999999488e+01
9.154960937499998863e+01 -8.071999999999999886e+01
9.159843749999998863e+01 -8.234999999999999432e+01
9.164726562499998863e+01 -8.090000000000000568e+01
9.169609374999998863e+01 -8.073999999999999488e+01
9.174492187499998863e+01 -8.273999999999999488e+01
9.179374999999998863e+01 -8.140999999999999659e+01
9.184257812499998863e+01 -8.078000000000000114e+01
9.189140624999998863e+01 -8.076000000000000512e+01
9.194023437499998863e+01 -8.087999999999999545e+01
9.198906249999998863e+01 -8.271999999999999886e+01
9.203789062499998863e+01 -8.493999999999999773e+01
9.208671874999998863e+01 -8.520999999999999375e+01
9.213554687499998863e+01 -8.306000000000000227e+01
9.218437499999998863e+01 -8.256000000000000227e+01
9.223320312499998863e+01 -8.076999999999999602e+01
9.228203124999998863e+01 -8.509000000000000341e+01
9.233085937499998863e+01 -8.568000000000000682e+01
9.237968749999998863e+01 -8.543999999999999773e+01
9.242851562499998863e+01 -8.643000000000000682e+01
9.247734374999998863e+01 -8.364000000000000057e+01
9.252617187499998863e+01 -8.231000000000000227e+01
9.257499999999998863e+01 -8.206999999999999318e+01
9.262382812499998863e+01 -8.206999999999999318e+01
9.267265624999998863e+01 -8.679000000000000625e+01
9.272148437499998863e+01 -8.462999999999999545e+01
9.277031249999998863e+01 -8.193999999999999773e+01
9.281914062499998863e+01 -8.385999999999999943e+01
9.286796874999998863e+01 -8.751000000000000512e+01
9.291679687499998863e+01 -9.104999999999999716e+01
9.296562499999998863e+01 -8.635999999999999943e+01
9.301445312499998863e+01 -8.187999999999999545e+01
9.306328124999998863e+01 -8.675000000000000000e+01
9.311210937499998863e+01 -8.514000000000000057e+01
9.316093749999998863e+01 -8.673000000000000398e+01
9.320976562499998863e+01 -8.393000000000000682e+01
9.325859374999998863e+01 -8.389000000000000057e+01
9.330742187499998863e+01 -8.609999999999999432e+01
9.335624999999998863e+01 -8.292000000000000171e+01
9.340507812499998863e+01 -8.787000000000000455e+01
9.345390624999998863e+01 -8.545999999999999375e+01
9.350273437499998863e+01 -8.662999999999999545e+01
9.355156249999998863e+01 -8.062000000000000455e+01
9.360039062499998863e+01 -8.443999999999999773e+01
9.364921874999998863e+01 -8.604999999999999716e+01
9.369804687499998863e+01 -8.623000000000000398e+01
9.374687499999998863e+01 -8.237999999999999545e+01
9.379570312499998863e+01 -8.884000000000000341e+01
9.384453124999998863e+01 -8.125000000000000000e+01
9.389335937499998863e+01 -8.879999999999999716e+01
9.394218749999998863e+01 -8.892000000000000171e+01
9.399101562499998863e+01 -8.654999999999999716e+01
9.403984374999998863e+01 -8.540000000000000568e+01
9.408867187499998863e+01 -8.431000000000000227e+01
9.413749999999998863e+01 -8.379000000000000625e+01
9.418632812499998863e+01 -8.393999999999999773e+01
9.423515624999998863e+01 -8.760999999999999943e+01
9.428398437499998863e+01 -8.479000000000000625e+01
9.433281249999998863e+01 -8.490000000000000568e+01
9.438164062499998863e+01 -8.673000000000000398e+01
9.443046874999998863e+01 -8.543999999999999773e+01
9.447929687499998863e+01 -8.531000000000000227e+01
9.452812499999998863e+01 -8.431000000000000227e+01
9.457695312499998863e+01 -8.325000000000000000e+01
9.462578124999998863e+01 -8.182999999999999829e+01
9.467460937499998863e+01 -8.101999999999999602e+01
9.472343749999998863e+01 -8.640000000000000568e+01
9.477226562499998863e+01 -8.129999999999999716e+01
9.482109374999998863e+01 -8.495999999999999375e+01
9.486992187499998863e+01 -8.323999999999999488e+01
9.491874999999998863e+01 -8.312999999999999545e+01
9.496757812499998863e+01 -8.320000000000000284e+01
9.501640624999998863e+01 -8.120000000000000284e+01
9.506523437499998863e+01 -8.404999999999999716e+01
9.511406249999998863e+01 -8.195999999999999375e+01
9.516289062499998863e+01 -8.381999999999999318e+01
9.521171874999998863e+01 -8.548999999999999488e+01
9.526054687499998863e+01 -8.189000000000000057e+01
9.530937499999998863e+01 -8.170999999999999375e+01
9.535820312499998863e+01 -8.256000000000000227e+01
9.540703124999998863e+01 -8.867000000000000171e+01
9.545585937499998863e+01 -8.481000000000000227e+01
9.550468749999998863e+01 -8.839000000000000057e+01
9.555351562499998863e+01 -8.587999999999999545e+01
9.560234374999998863e+01 -8.040000000000000568e+01
9.565117187499998863e+01 -8.281000000000000227e+01
9.569999999999998863e+01 -8.471999999999999886e+01
9.574882812499998863e+01 -8.667000000000000171e+01
9.579765624999998863e+01 -8.115000000000000568e+01
9.584648437499998863e+01 -8.743999999999999773e+01
9.589531249999998863e+01 -8.662999999999999545e+01
9.594414062499998863e+01 -8.390000000000000568e+01
9.599296874999998863e+01 -8.232999999999999829e+01
9.604179687499998863e+01 -8.553000000000000114e+01
9.609062499999998863e+01 -8.609999999999999432e+01
9.613945312499998863e+01 -8.248000000000000398e+01
9.618828124999998863e+01 -8.165000000000000568e+01
9.623710937499998863e+01 -8.131999999999999318e+01
9.628593749999998863e+01 -8.559000000000000341e+01
9.633476562499998863e+01 -7.920999999999999375e+01
9.638359374999998863e+01 -8.270999999999999375e+01
9.643242187499998863e+01 -8.334999999999999432e+01
9.648124999999998863e+01 -8.204000000000000625e+01
9.653007812499998863e+01 -8.368000000000000682e+01
9.657890624999998863e+01 -8.431999999999999318e+01
9.662773437499998863e+01 -8.090000000000000568e+01
9.667656249999998863e+01 -8.065999999999999659e+01
9.672539062499998863e+01 -8.237000000000000455e+01
9.677421874999998863e+01 -8.454000000000000625e+01
9.682304687499998863e+01 -8.207999999999999829e+01
9.687187499999998863e+01 -8.118999999999999773e+01
9.692070312499998863e+01 -8.128000000000000114e+01
9.696953124999998863e+01 -8.240000000000000568e+01
9.701835937499998863e+01 -8.504000000000000625e+01
9.706718749999998863e+01 -8.190000000000000568e+01
9.711601562499998863e+01 -8.145999999999999375e+01
9.716484374999998863e+01 -8.059000000000000341e+01
9.721367187499998863e+01 -8.117000000000000171e+01
9.726249999999998863e+01 -8.221999999999999886e+01
9.731132812499998863e+01 -8.229999999999999716e+01
9.736015624999998863e+01 -7.875000000000000000e+01
9.740898437499998863e+01 -8.409999999999999432e+01
9.745781249999998863e+01 -8.106999999999999318e+01
9.750664062499998863e+01 -7.643000000000000682e+01
9.755546874999998863e+01 -8.275000000000000000e+01
9.760429687499998863e+01 -8.173000000000000398e+01
9.765312499999998863e+01 -8.404999999999999716e+01
9.770195312499998863e+01 -8.521999999999999886e+01
9.775078124999998863e+01 -8.137000000000000455e+01
9.779960937499998863e+01 -8.454999999999999716e+01
9.784843749999998863e+01 -8.246999999999999886e+01
9.789726562499998863e+01 -8.598000000000000398e+01
9.794609374999998863e+01 -8.393999999999999773e+01
9.799492187499998863e+01 -8.129999999999999716e+01
9.804374999999998863e+01 -8.340000000000000568e+01
9.809257812499998863e+01 -8.551999999999999602e+01
9.814140624999998863e+01 -8.289000000000000057e+01
9.819023437499998863e+01 -8.034000000000000341e+01
9.823906249999998863e+01 -8.817000000000000171e+01
9.828789062499998863e+01 -8.101999999999999602e+01
9.833671874999998863e+01 -8.479999999999999716e+01
9.838554687499998863e+01 -8.515999999999999659e+01
9.843437499999998863e+01 -8.184999999999999432e+01
9.848320312499998863e+01 -8.229000000000000625e+01
9.853203124999998863e+01 -8.329999999999999716e+01
9.858085937499998863e+01 -8.548000000000000398e+01
9.862968749999998863e+01 -8.754000000000000625e+01
9.867851562499998863e+01 -8.221999999999999886e+01
9.872734374999998863e+01 -7.984000000000000341e+01
9.877617187499998863e+01 -7.698999999999999488e+01
9.882499999999998863e+01 -8.200000000000000000e+01
9.887382812499998863e+01 -8.290999999999999659e+01
9.892265624999998863e+01 -7.909000000000000341e+01
9.897148437499998863e+01 -7.923999999999999488e+01
9.902031249999998863e+01 -8.167000000000000171e+01
9.906914062499998863e+01 -7.725000000000000000e+01
9.911796874999998863e+01 -7.659000000000000341e+01
9.916679687499998863e+01 -8.176000000000000512e+01
9.921562499999998863e+01 -8.178000000000000114e+01
9.926445312499998863e+01 -7.723999999999999488e+01
9.931328124999998863e+01 -7.715999999999999659e+01
9.936210937499998863e+01 -7.787000000000000455e+01
9.941093749999998863e+01 -7.965999999999999659e+01
9.945976562499998863e+01 -7.984999999999999432e+01
9.950859374999998863e+01 -7.959000000000000341e+01
9.955742187499998863e+01 -8.229000000000000625e+01
9.960624999999998863e+01 -7.981999999999999318e+01
9.965507812499998863e+01 -7.648000000000000398e+01
9.970390624999998863e+01 -8.035999999999999943e+01
9.975273437499998863e+01 -7.668000000000000682e+01
9.980156249999998863e+01 -8.329000000000000625e+01
9.985039062499998863e+01 -8.254999999999999716e+01
9.989921874999998863e+01 -7.917000000000000171e+01
9.994804687499998863e+01 -7.917000000000000171e+01
9.999687499999998863e+01 -7.834999999999999432e+01
1.000457031249999886e+02 -7.640999999999999659e+01
1.000945312499999886e+02 -7.770999999999999375e+01
1.001433593749999886e+02 -7.848000000000000398e+01
1.001921874999999886e+02 -7.757999999999999829e+01
1.002410156249999886e+02 -8.020000000000000284e+01
1.002898437499999886e+02 -8.378000000000000114e+01
1.003386718749999886e+02 -8.070999999999999375e+01
1.003874999999999886e+02 -7.973999999999999488e+01
1.004363281249999886e+02 -7.870000000000000284e+01
1.004851562499999886e+02 -8.034999999999999432e+01
1.005339843749999886e+02 -8.037999999999999545e+01
1.005828124999999886e+02 -7.903000000000000114e+01
1.006316406249999886e+02 -7.945999999999999375e+01
1.006804687499999886e+02 -7.748000000000000398e+01
1.007292968749999886e+02 -7.671999999999999886e+01
1.007781249999999886e+02 -7.342000000000000171e+01
1.008269531249999886e+02 -7.901000000000000512e+01
1.008757812499999886e+02 -7.946999999999999886e+01
1.009246093749999886e+02 -8.142000000000000171e+01
1.009734374999999886e+02 -7.887999999999999545e+01
1.010222656249999886e+02 -8.042000000000000171e+01
1.010710937499999886e+02 -7.703000000000000114e+01
1.011199218749999886e+02 -7.665999999999999659e+01
1.011687499999999886e+02 -7.706000000000000227e+01
1.012175781249999886e+02 -7.623999999999999488e+01
1.012664062499999886e+02 -7.776999999999999602e+01
1.013152343749999886e+02 -7.768999999999999773e+01
1.013640624999999886e+02 -8.331000000000000227e+01
1.014128906249999886e+02 -7.934999999999999432e+01
1.014617187499999886e+02 -7.631999999999999318e+01
1.015105468749999886e+02 -7.715000000000000568e+01
1.015593749999999886e+02 -7.700000000000000000e+01
1.016082031249999886e+02 -7.720999999999999375e+01
1.016570312499999886e+02 -8.146999999999999886e+01
1.017058593749999886e+02 -7.437000000000000455e+01
1.017546874999999886e+02 -7.685999999999999943e+01
1.018035156249999886e+02 -7.829999999999999716e+01
1.018523437499999886e+02 -7.585999999999999943e+01
1.019011718749999886e+02 -7.415000000000000568e+01
1.019499999999999886e+02 -7.609999999999999432e+01
1.019988281249999886e+02 -7.654000000000000625e+01
1.020476562499999886e+02 -7.681999999999999318e+01
1.020964843749999886e+02 -7.245999999999999375e+01
1.021453124999999886e+02 -7.498000000000000398e+01
1.021941406249999886e+02 -7.809000000000000341e+01
1.022429687499999886e+02 -7.573000000000000398e+01
1.022917968749999886e+02 -7.237000000000000455e+01
1.023406249999999886e+02 -7.990999999999999659e+01
1.023894531249999886e+02 -7.720000000000000284e+01
1.024382812499999886e+02 -7.631999999999999318e+01
1.024871093749999886e+02 -7.354000000000000625e+01
1.025359374999999886e+02 -6.790999999999999659e+01
1.025847656249999886e+02 -7.640000000000000568e+01
1.026335937499999886e+02 -7.820999999999999375e+01
1.026824218749999886e+02 -7.698999999999999488e+01
1.027312499999999886e+02 -7.865999999999999659e+01
1.027800781249999886e+02 -7.078000000000000114e+01
1.028289062499999886e+02 -7.415000000000000568e+01
1.028777343749999886e+02 -7.351000000000000512e+01
1.029265624999999886e+02 -7.189000000000000057e+01
1.029753906249999886e+02 -7.514000000000000057e+01
1.030242187499999886e+02 -7.387999999999999545e+01
1.030730468749999886e+02 -7.290000000000000568e+01
1.031218749999999886e+02 -6.834000000000000341e+01
1.031707031249999886e+02 -7.031000000000000227e+01
1.032195312499999886e+02 -7.212000000000000455e+01
1.032683593749999886e+02 -6.434000000000000341e+01
1.033171874999999886e+02 -6.637000000000000455e+01
1.033660156249999886e+02 -6.703000000000000114e+01
1.034148437499999886e+02 -6.164999999999999858e+01
1.034636718749999886e+02 -5.877000000000000313e+01
1.035124999999999886e+02 -6.175999999999999801e+01
1.035613281249999886e+02 -6.914000000000000057e+01
1.036101562499999886e+02 -7.509000000000000341e+01
1.036589843749999886e+02 -7.110999999999999943e+01
1.037078124999999886e+02 -7.179000000000000625e+01
1.037566406249999886e+02 -6.859000000000000341e+01
1.038054687499999886e+02 -6.714000000000000057e+01
1.038542968749999886e+02 -7.176999999999999602e+01
1.039031249999999886e+02 -6.798999999999999488e+01
1.039519531249999886e+02 -6.631000000000000227e+01
1.040007812499999886e+02 -6.240999999999999659e+01
1.040496093749999886e+02 -6.875000000000000000e+01
1.040984374999999886e+02 -6.965999999999999659e+01
1.041472656249999886e+02 -6.800000000000000000e+01
1.041960937499999886e+02 -6.163000000000000256e+01
1.042449218749999886e+02 -6.189999999999999858e+01
1.042937499999999886e+02 -6.403000000000000114e+01
1.043425781249999886e+02 -5.463000000000000256e+01
1.043914062499999886e+02 -6.631000000000000227e+01
1.044402343749999886e+02 -6.596999999999999886e+01
1.044890624999999886e+02 -5.639999999999999858e+01
1.045378906249999886e+02 -5.206000000000000227e+01
1.045867187499999886e+02 -3.514000000000000057e+01
1.046355468749999886e+02 -3.978999999999999915e+01
1.046843749999999886e+02 -4.742000000000000171e+01
1.047332031249999886e+02 -4.732000000000000028e+01
1.047820312499999886e+02 -5.660000000000000142e+01
1.048308593749999886e+02 -5.764000000000000057e+01
1.048796874999999886e+02 -5.274000000000000199e+01
1.049285156249999886e+02 -1.617999999999999972e+01
1.049773437499999886e+02 -2.850000000000000089e+00
1.050261718749999886e+02 -4.825000000000000000e+01
1.050749999999999886e+02 -5.799000000000000199e+01
1.051238281249999886e+02 -5.374000000000000199e+01
1.051726562499999886e+02 -5.472999999999999687e+01
1.052214843749999886e+02 -4.571999999999999886e+01
1.052703124999999886e+02 -3.738000000000000256e+01
1.053191406249999886e+02 -3.761999999999999744e+01
1.053679687499999886e+02 -5.107999999999999829e+01
1.054167968749999886e+02 -4.775999999999999801e+01
1.054656249999999886e+02 -6.138000000000000256e+01
1.055144531249999886e+02 -6.138000000000000256e+01
1.055632812499999886e+02 -5.639000000000000057e+01
1.056121093749999886e+02 -5.835999999999999943e+01
1.056609374999999886e+02 -6.164000000000000057e+01
1.057097656249999886e+02 -6.406999999999999318e+01
1.057585937499999886e+02 -6.787999999999999545e+01
1.058074218749999886e+02 -6.823999999999999488e+01
1.058562499999999886e+02 -6.648000000000000398e+01
1.059050781249999886e+02 -6.801000000000000512e+01
1.059539062499999886e+02 -6.434000000000000341e+01
1.060027343749999886e+02 -6.723000000000000398e+01
1.060515624999999886e+02 -6.953000000000000114e+01
1.061003906249999886e+02 -7.070000000000000284e+01
1.061492187499999886e+02 -6.864000000000000057e+01
1.061980468749999886e+02 -6.509999999999999432e+01
1.062468749999999886e+02 -6.873000000000000398e+01
1.062957031249999886e+02 -6.979000000000000625e+01
1.063445312499999886e+02 -7.178000000000000114e+01
1.063933593749999886e+02 -6.587999999999999545e+01
1.064421874999999886e+02 -6.374000000000000199e+01
1.064910156249999886e+02 -6.022999999999999687e+01
1.065398437499999886e+02 -6.365999999999999659e+01
1.065886718749999886e+02 -6.621999999999999886e+01
1.066374999999999886e+02 -6.665999999999999659e+01
1.066863281249999886e+02 -6.510999999999999943e+01
1.067351562499999886e+02 -6.514000000000000057e+01
1.067839843749999886e+02 -6.753000000000000114e+01
1.068328124999999886e+02 -6.854999999999999716e+01
1.068816406249999886e+02 -7.426999999999999602e+01
1.069304687499999886e+02 -7.317000000000000171e+01
1.069792968749999886e+02 -7.370999999999999375e+01
1.070281249999999886e+02 -7.328000000000000114e+01
1.070769531249999886e+02 -7.431000000000000227e+01
1.071257812499999886e+02 -7.579000000000000625e+01
1.071746093749999886e+02 -7.073999999999999488e+01
1.072234374999999886e+02 -7.512000000000000455e+01
1.072722656249999886e+02 -7.096999999999999886e+01
1.073210937499999886e+02 -6.937000000000000455e+01
1.073699218749999886e+02 -7.526999999999999602e+01
1.074187499999999886e+02 -7.720999999999999375e+01
1.074675781249999886e+02 -7.506999999999999318e+01
1.075164062499999886e+02 -7.284000000000000341e+01
1.075652343749999886e+02 -7.865999999999999659e+01
1.076140624999999886e+02 -7.443999999999999773e+01
1.076628906249999886e+02 -7.237000000000000455e+01
1.077117187499999886e+02 -7.531999999999999318e+01
1.077605468749999886e+02 -7.731000000000000227e+01
1.078093749999999886e+02 -7.906000000000000227e+01
1.078582031249999886e+02 -7.137999999999999545e+01
1.079070312499999886e+02 -7.568999999999999773e+01
1.079558593749999886e+02 -7.848999999999999488e+01
1.080046874999999886e+02 -7.156000000000000227e+01
1.080535156249999886e+02 -7.707999999999999829e+01
1.081023437499999886e+02 -7.307999999999999829e+01
1.081511718749999886e+02 -7.253000000000000114e+01
1.081999999999999886e+02 -7.506000000000000227e+01
1.082488281249999886e+02 -7.414000000000000057e+01
1.082976562499999886e+02 -7.501000000000000512e+01
1.083464843749999886e+02 -7.514000000000000057e+01
1.083953124999999886e+02 -8.112000000000000455e+01
1.084441406249999886e+02 -8.057999999999999829e+01
1.084929687499999886e+02 -7.698999999999999488e+01
1.085417968749999886e+02 -8.042000000000000171e+01
1.085906249999999886e+02 -7.993000000000000682e+01
1.086394531249999886e+02 -7.803000000000000114e+01
1.086882812499999886e+02 -7.717000000000000171e+01
1.087371093749999886e+02 -8.042000000000000171e+01
1.087859374999999886e+02 -7.667000000000000171e+01
1.088347656249999886e+02 -7.459000000000000341e+01
1.088835937499999886e+02 -7.623000000000000398e+01
1.089324218749999886e+02 -7.870000000000000284e+01
1.089812499999999886e+02 -7.743999999999999773e+01
1.090300781249999886e+02 -8.051999999999999602e+01
1.090789062499999886e+02 -8.231999999999999318e+01
1.091277343749999886e+02 -7.554000000000000625e+01
1.091765624999999886e+02 -8.007999999999999829e+01
1.092253906249999886e+02 -8.040000000000000568e+01
1.092742187499999886e+02 -7.809000000000000341e+01
1.093230468749999886e+02 -8.320999999999999375e+01
1.093718749999999886e+02 -7.884000000000000341e+01
1.094207031249999886e+02 -7.873000000000000398e+01
1.094695312499999886e+02 -8.065000000000000568e+01
1.095183593749999886e+02 -7.662999999999999545e+01
1.095671874999999886e+02 -8.010999999999999943e+01
1.096160156249999886e+02 -8.121999999999999886e+01
1.096648437499999886e+02 -8.196999999999999886e+01
1.097136718749999886e+02 -7.879000000000000625e+01
1.097624999999999886e+02 -8.526000000000000512e+01
1.098113281249999886e+02 -7.615000000000000568e+01
1.098601562499999886e+02 -8.360999999999999943e+01
1.099089843749999886e+02 -8.037999999999999545e+01
1.099578124999999886e+02 -7.982999999999999829e+01
1.100066406249999886e+02 -8.062000000000000455e+01
1.100554687499999886e+02 -8.006999999999999318e+01
1.101042968749999886e+02 -8.070999999999999375e+01
1.101531249999999886e+02 -8.129999999999999716e+01
1.102019531249999886e+02 -8.087000000000000455e+01
1.102507812499999886e+02 -8.270000000000000284e+01
1.102996093749999886e+02 -8.475000000000000000e+01
1.103484374999999886e+02 -8.318000000000000682e+01
1.103972656249999886e+02 -8.456999999999999318e+01
1.104460937499999886e+02 -8.251000000000000512e+01
1.104949218749999886e+02 -8.471999999999999886e+01
1.105437499999999886e+02 -8.198999999999999488e+01
1.105925781249999886e+02 -8.003000000000000114e+01
1.106414062499999886e+02 -8.493999999999999773e+01
1.106902343749999886e+02 -8.259999999999999432e+01
1.107390624999999886e+02 -8.562999999999999545e+01
1.107878906249999886e+02 -8.325000000000000000e+01
1.108367187499999886e+02 -8.228000000000000114e+01
1.108855468749999886e+02 -8.290999999999999659e+01
1.109343749999999886e+02 -8.440999999999999659e+01
1.109832031249999886e+02 -8.032999999999999829e+01
1.110320312499999886e+02 -8.560999999999999943e+01
1.110808593749999886e+02 -8.273000000000000398e+01
1.111296874999999886e+02 -8.046999999999999886e+01
1.111785156249999886e+02 -8.290000000000000568e+01
1.112273437499999886e+02 -8.153000000000000114e+01
1.112761718749999886e+02 -8.473999999999999488e+01
1.113249999999999886e+02 -8.479000000000000625e+01
1.113738281249999886e+02 -8.476999999999999602e+01
1.114226562499999886e+02 -8.017000000000000171e+01
1.114714843749999886e+02 -8.378000000000000114e+01
1.115203124999999886e+02 -8.198000000000000398e+01
1.115691406249999886e+02 -8.218999999999999773e+01
1.116179687499999886e+02 -8.334000000000000341e+01
1.116667968749999886e+02 -8.306000000000000227e+01
1.117156249999999886e+02 -8.373000000000000398e+01
1.117644531249999886e+02 -8.303000000000000114e+01
1.118132812499999886e+02 -8.143999999999999773e+01
1.118621093749999886e+02 -7.929000000000000625e+01
1.119109374999999886e+02 -8.375000000000000000e+01
1.119597656249999886e+02 -8.159999999999999432e+01
1.120085937499999886e+02 -7.848000000000000398e+01
1.120574218749999886e+02 -7.945000000000000284e+01
1.121062499999999886e+02 -7.995000000000000284e+01
1.121550781249999886e+02 -8.529000000000000625e+01
1.122039062499999886e+02 -8.173999999999999488e+01
1.122527343749999886e+02 -8.190999999999999659e+01
1.123015624999999886e+02 -8.004999999999999716e+01
1.123503906249999886e+02 -8.698999999999999488e+01
1.123992187499999886e+02 -8.526000000000000512e+01
1.124480468749999886e+02 -8.345999999999999375e+01
1.124968749999999886e+02 -8.495999999999999375e+01
1.125457031249999886e+02 -8.226000000000000512e+01
1.125945312499999886e+02 -8.368000000000000682e+01
1.126433593749999886e+02 -8.968000000000000682e+01
1.126921874999999886e+02 -8.425000000000000000e+01
1.127410156249999886e+02 -8.275000000000000000e+01
1.127898437499999886e+02 -8.410999999999999943e+01
1.128386718749999886e+02 -8.804999999999999716e+01
1.128874999999999886e+02 -8.165000000000000568e+01
1.129363281249999886e+02 -8.609999999999999432e+01
1.129851562499999886e+02 -8.354999999999999716e+01
1.130339843749999886e+02 -8.387000000000000455e+01
1.130828124999999886e+02 -8.496999999999999886e+01
1.131316406249999886e+02 -8.518000000000000682e+01
1.131804687499999886e+02 -8.403000000000000114e+01
1.132292968749999886e+02 -7.929000000000000625e+01
1.132781249999999886e+02 -8.128000000000000114e+01
1.133269531249999886e+02 -8.045999999999999375e+01
1.133757812499999886e+02 -8.593999999999999773e+01
1.134246093749999886e+02 -8.132999999999999829e+01
1.134734374999999886e+02 -8.390000000000000568e+01
1.135222656249999886e+02 -8.906000000000000227e+01
1.135710937499999886e+02 -8.385999999999999943e+01
1.136199218749999886e+02 -8.606999999999999318e+01
1.136687499999999886e+02 -8.518999999999999773e+01
1.137175781249999886e+02 -8.295000000000000284e+01
1.137664062499999886e+02 -8.468000000000000682e+01
1.138152343749999886e+02 -8.462999999999999545e+01
1.138640624999999886e+02 -8.650000000000000000e+01
1.139128906249999886e+02 -8.029999999999999716e+01
1.139617187499999886e+02 -8.653000000000000114e+01
1.140105468749999886e+02 -8.129999999999999716e+01
1.140593749999999886e+02 -8.368000000000000682e+01
1.141082031249999886e+02 -8.278000000000000114e+01
1.141570312499999886e+02 -8.875000000000000000e+01
1.142058593749999886e+02 -8.420999999999999375e+01
1.142546874999999886e+02 -8.465999999999999659e+01
1.143035156249999886e+02 -8.295000000000000284e+01
1.143523437499999886e+02 -8.690000000000000568e+01
1.144011718749999886e+02 -8.198000000000000398e+01
1.144499999999999886e+02 -8.265000000000000568e+01
1.144988281249999886e+02 -8.665000000000000568e+01
1.145476562499999886e+02 -8.664000000000000057e+01
1.145964843749999886e+02 -9.031000000000000227e+01
1.146453124999999886e+02 -8.332999999999999829e+01
1.146941406249999886e+02 -8.364000000000000057e+01
1.147429687499999886e+02 -7.954000000000000625e+01
1.147917968749999886e+02 -8.456000000000000227e+01
1.148406249999999886e+02 -8.501000000000000512e+01
1.148894531249999886e+02 -8.332999999999999829e+01
1.149382812499999886e+02 -8.462999999999999545e+01
1.149871093749999886e+02 -8.539000000000000057e+01
1.150359374999999886e+02 -8.842000000000000171e+01
1.150847656249999886e+02 -8.404000000000000625e+01
1.151335937499999886e+02 -8.423000000000000398e+01
1.151824218749999886e+02 -8.782999999999999829e+01
1.152312499999999886e+02 -8.231999999999999318e+01
1.152800781249999886e+02 -8.595999999999999375e+01
1.153289062499999886e+02 -8.321999999999999886e+01
1.153777343749999886e+02 -8.587000000000000455e+01
1.154265624999999886e+02 -8.459000000000000341e+01
1.154753906249999886e+02 -8.234000000000000341e+01
1.155242187499999886e+02 -8.756000000000000227e+01
1.155730468749999886e+02 -8.384999999999999432e+01
1.156218749999999886e+02 -8.931999999999999318e+01
1.156707031249999886e+02 -8.148000000000000398e+01
1.157195312499999886e+02 -8.475000000000000000e+01
1.157683593749999886e+02 -8.476999999999999602e+01
1.158171874999999886e+02 -8.831999999999999318e+01
1.158660156249999886e+02 -8.481000000000000227e+01
1.159148437499999886e+02 -8.940999999999999659e+01
1.159636718749999886e+02 -8.503000000000000114e+01
1.160124999999999886e+02 -8.470999999999999375e+01
1.160613281249999886e+02 -8.278000000000000114e+01
1.161101562499999886e+02 -8.320000000000000284e+01
1.161589843749999886e+02 -8.743000000000000682e+01
1.162078124999999886e+02 -8.057999999999999829e+01
1.162566406249999886e+02 -8.506000000000000227e+01
1.163054687499999886e+02 -8.632999999999999829e+01
1.163542968749999886e+02 -8.648999999999999488e+01
1.164031249999999886e+02 -8.200000000000000000e+01
1.164519531249999886e+02 -8.809999999999999432e+01
1.165007812499999886e+02 -8.781000000000000227e+01
1.165496093749999886e+02 -8.456000000000000227e+01
1.165984374999999886e+02 -8.378000000000000114e+01
1.166472656249999886e+02 -8.521999999999999886e+01
1.166960937499999886e+02 -8.256999999999999318e+01
1.167449218749999886e+02 -8.553000000000000114e+01
1.167937499999999886e+02 -8.884000000000000341e+01
1.168425781249999886e+02 -8.456000000000000227e+01
1.168914062499999886e+02 -8.618999999999999773e+01
1.169402343749999886e+02 -8.412000000000000455e+01
1.169890624999999886e+02 -8.496999999999999886e+01
1.170378906249999886e+02 -8.470999999999999375e+01
1.170867187499999886e+02 -8.404000000000000625e+01
1.171355468749999886e+02 -8.212000000000000455e+01
1.171843749999999886e+02 -8.090999999999999659e+01
1.172332031249999886e+02 -8.756999999999999318e+01
1.172820312499999886e+02 -8.440000000000000568e+01
1.173308593749999886e+02 -8.493999999999999773e+01
1.173796874999999886e+02 -8.154999999999999716e+01
1.174285156249999886e+02 -8.304000000000000625e+01
1.174773437499999886e+02 -8.228000000000000114e+01
1.175261718749999886e+02 -8.350000000000000000e+01
1.175749999999999886e+02 -8.204999999999999716e+01
1.176238281249999886e+02 -8.201000000000000512e+01
1.176726562499999886e+02 -8.320999999999999375e+01
1.177214843749999886e+02 -8.146999999999999886e+01
1.177703124999999886e+02 -8.632999999999999829e+01
1.178191406249999886e+02 -8.679000000000000625e+01
1.178679687499999886e+02 -8.360999999999999943e+01
1.179167968749999886e+02 -8.404999999999999716e+01
1.179656249999999886e+02 -8.309999999999999432e+01
1.180144531249999886e+02 -7.962000000000000455e+01
1.180632812499999886e+02 -8.065000000000000568e+01
1.181121093749999886e+02 -8.162000000000000455e+01
1.181609374999999886e+02 -7.945000000000000284e+01
1.182097656249999886e+02 -7.895000000000000284e+01
1.182585937499999886e+02 -8.451999999999999602e+01
1.183074218749999886e+02 -8.534999999999999432e+01
1.183562499999999886e+02 -8.618999999999999773e+01
1.184050781249999886e+02 -8.248000000000000398e+01
1.184539062499999886e+02 -7.868000000000000682e+01
1.185027343749999886e+02 -8.134999999999999432e+01
1.185515624999999886e+02 -8.020999999999999375e+01
1.186003906249999886e+02 -8.131999999999999318e+01
1.186492187499999886e+02 -7.682999999999999829e+01
1.186980468749999886e+02 -7.604999999999999716e+01
1.187468749999999886e+02 -8.043000000000000682e+01
1.187957031249999886e+02 -8.004000000000000625e+01
1.188445312499999886e+02 -7.798000000000000398e+01
1.188933593749999886e+02 -7.756999999999999318e+01
1.189421874999999886e+02 -7.656999999999999318e+01
1.189910156249999886e+02 -7.959000000000000341e+01
1.190398437499999886e+02 -8.214000000000000057e+01
1.190886718749999886e+02 -7.737999999999999545e+01
1.191374999999999886e+02 -8.085999999999999943e+01
1.191863281249999886e+02 -8.282999999999999829e+01
1.192351562499999886e+02 -7.612000000000000455e+01
1.192839843749999886e+02 -7.581000000000000227e+01
1.193328124999999886e+02 -8.139000000000000057e+01
1.193816406249999886e+02 -8.045000000000000284e+01
1.194304687499999886e+02 -7.723999999999999488e+01
1.194792968749999886e+02 -7.973999999999999488e+01
1.195281249999999886e+02 -7.975000000000000000e+01
1.195769531249999886e+02 -7.976999999999999602e+01
1.196257812499999886e+02 -8.621999999999999886e+01
1.196746093749999886e+02 -8.329000000000000625e+01
1.197234374999999886e+02 -8.598000000000000398e+01
1.197722656249999886e+02 -8.237000000000000455e+01
1.198210937499999886e+02 -8.568000000000000682e+01
1.198699218749999886e+02 -8.342000000000000171e+01
1.199187499999999886e+02 -8.346999999999999886e+01
1.199675781249999886e+02 -8.762000000000000455e+01
1.200164062499999886e+02 -8.182999999999999829e+01
1.200652343749999886e+02 -8.246999999999999886e+01
1.201140624999999886e+02 -8.148999999999999488e+01
1.201628906249999886e+02 -8.740000000000000568e+01
1.202117187499999886e+02 -8.095999999999999375e+01
1.202605468749999886e+02 -8.657999999999999829e+01
1.203093749999999886e+02 -8.400000000000000000e+01
1.203582031249999886e+02 -8.443000000000000682e+01
1.204070312499999886e+02 -8.698999999999999488e+01
1.204558593749999886e+02 -8.054999999999999716e+01
1.205046874999999886e+02 -8.481999999999999318e+01
1.205535156249999886e+02 -9.190999999999999659e+01
1.206023437499999886e+02 -8.465000000000000568e+01
1.206511718749999886e+02 -7.990000000000000568e+01
1.206999999999999886e+02 -7.887000000000000455e+01
1.207488281249999886e+02 -8.750000000000000000e+01
1.207976562499999886e+02 -8.603000000000000114e+01
1.208464843749999886e+02 -8.629999999999999716e+01
1.208953124999999886e+02 -8.328000000000000114e+01
1.209441406249999886e+02 -8.521999999999999886e+01
1.209929687499999886e+02 -8.518999999999999773e+01
1.210417968749999886e+02 -8.178000000000000114e+01
1.210906249999999886e+02 -8.137999999999999545e+01
1.211394531249999886e+02 -8.793999999999999773e+01
1.211882812499999886e+02 -8.579999999999999716e+01
1.212371093749999886e+02 -8.623000000000000398e+01
1.212859374999999886e+02 -8.710999999999999943e+01
1.213347656249999886e+02 -8.865999999999999659e+01
1.213835937499999886e+02 -8.698999999999999488e+01
1.214324218749999886e+02 -8.682999999999999829e+01
1.214812499999999886e+02 -8.187999999999999545e+01
1.215300781249999886e+02 -9.093000000000000682e+01
1.215789062499999886e+02 -8.871999999999999886e+01
1.216277343749999886e+02 -8.618000000000000682e+01
1.216765624999999886e+02 -8.650000000000000000e+01
1.217253906249999886e+02 -8.756000000000000227e+01
1.217742187499999886e+02 -8.889000000000000057e+01
1.218230468749999886e+02 -8.567000000000000171e+01
1.218718749999999886e+02 -8.351999999999999602e+01
1.219207031249999886e+02 -8.820000000000000284e+01
1.219695312499999886e+02 -8.979999999999999716e+01
1.220183593749999886e+02 -8.731000000000000227e+01
1.220671874999999886e+02 -8.398999999999999488e+01
1.221160156249999886e+02 -9.315999999999999659e+01
1.221648437499999886e+02 -9.031000000000000227e+01
1.222136718749999886e+02 -8.759999999999999432e+01
1.222624999999999886e+02 -8.181999999999999318e+01
1.223113281249999886e+02 -8.653000000000000114e+01
1.223601562499999886e+02 -8.562000000000000455e+01
1.224089843749999886e+02 -8.798999999999999488e+01
1.224578124999999886e+02 -9.259999999999999432e+01
1.225066406249999886e+02 -8.382999999999999829e+01
1.225554687499999886e+02 -9.159000000000000341e+01
1.226042968749999886e+02 -9.100000000000000000e+01
1.226531249999999886e+02 -8.879000000000000625e+01
1.227019531249999886e+02 -9.095999999999999375e+01
1.227507812499999886e+02 -8.728000000000000114e+01
1.227996093749999886e+02 -8.581999999999999318e+01
1.228484374999999886e+02 -8.776000000000000512e+01
1.228972656249999886e+02 -8.959999999999999432e+01
1.229460937499999886e+02 -8.784000000000000341e+01
1.229949218749999886e+02 -8.495000000000000284e+01
1.230437499999999886e+02 -8.859000000000000341e+01
1.230925781249999886e+02 -8.901000000000000512e+01
1.231414062499999886e+02 -8.512999999999999545e+01
1.231902343749999886e+02 -9.073999999999999488e+01
1.232390624999999886e+02 -8.796999999999999886e+01
1.232878906249999886e+02 -8.820999999999999375e+01
1.233367187499999886e+02 -8.465999999999999659e+01
1.233855468749999886e+02 -8.748999999999999488e+01
1.234343749999999886e+02 -8.804999999999999716e+01
1.234832031249999886e+02 -8.620999999999999375e+01
1.235320312499999886e+02 -8.521999999999999886e+01
1.235808593749999886e+02 -8.595000000000000284e+01
1.236296874999999886e+02 -8.907999999999999829e+01
1.236785156249999886e+02 -8.795000000000000284e+01
1.237273437499999886e+02 -8.817000000000000171e+01
1.237761718749999886e+02 -8.098000000000000398e+01
1.238249999999999886e+02 -8.645000000000000284e+01
1.238738281249999886e+02 -8.929999999999999716e+01
1.239226562499999886e+02 -8.754000000000000625e+01
1.239714843749999886e+02 -8.790000000000000568e+01
1.240203124999999886e+02 -8.893999999999999773e+01
1.240691406249999886e+02 -8.573000000000000398e+01
1.241179687499999886e+02 -8.670999999999999375e+01
1.241667968749999886e+02 -8.493000000000000682e+01
1.242156249999999886e+02 -8.984000000000000341e+01
1.242644531249999886e+02 -8.714000000000000057e+01
1.243132812499999886e+02 -8.570999999999999375e+01
1.243621093749999886e+02 -8.629999999999999716e+01
1.244109374999999886e+02 -8.637999999999999545e+01
1.244597656249999886e+02 -8.918999999999999773e+01
1.245085937499999886e+02 -8.531999999999999318e+01
1.245574218749999886e+02 -8.681999999999999318e+01
1.246062499999999886e+02 -8.795000000000000284e+01
1.246550781249999886e+02 -8.759999999999999432e+01
1.247039062499999886e+02 -8.329000000000000625e+01
1.247527343749999886e+02 -9.062000000000000455e+01
1.248015624999999886e+02 -8.837999999999999545e+01
1.248503906249999886e+02 -8.698999999999999488e+01
1.248992187499999886e+02 -8.782999999999999829e+01
1.249480468749999886e+02 -8.684999999999999432e+01
1.249968749999999886e+02 -8.629999999999999716e+01
1.250457031249999886e+02 -8.756999999999999318e+01
1.250945312499999886e+02 -8.501000000000000512e+01
1.251433593749999886e+02 -8.365999999999999659e+01
1.251921874999999886e+02 -8.667000000000000171e+01
1.252410156249999886e+02 -9.056999999999999318e+01
1.252898437499999886e+02 -9.345000000000000284e+01
1.253386718749999886e+02 -8.493999999999999773e+01
1.253874999999999886e+02 -8.559000000000000341e+01
1.254363281249999886e+02 -8.518000000000000682e+01
1.254851562499999886e+02 -8.992000000000000171e+01
1.255339843749999886e+02 -8.770999999999999375e+01
1.255828124999999886e+02 -9.101000000000000512e+01
1.256316406249999886e+02 -8.873999999999999488e+01
1.256804687499999886e+02 -8.520000000000000284e+01
1.257292968749999886e+02 -8.700000000000000000e+01
1.257781249999999886e+02 -9.003000000000000114e+01
1.258269531249999886e+02 -9.034000000000000341e+01
1.258757812499999886e+02 -8.834000000000000341e+01
1.259246093749999886e+02 -8.929999999999999716e+01
1.259734374999999886e+02 -8.420999999999999375e+01
1.260222656249999886e+02 -8.918000000000000682e+01
1.260710937499999886e+02 -8.551999999999999602e+01
1.261199218749999886e+02 -8.750000000000000000e+01
1.261687499999999886e+02 -8.468000000000000682e+01
1.262175781249999886e+02 -8.831000000000000227e+01
1.262664062499999886e+02 -8.590999999999999659e+01
1.263152343749999886e+02 -8.623000000000000398e+01
1.263640624999999886e+02 -8.884999999999999432e+01
1.264128906249999886e+02 -9.065999999999999659e+01
1.264617187499999886e+02 -8.776999999999999602e+01
1.265105468749999886e+02 -8.610999999999999943e+01
1.265593749999999886e+02 -8.923000000000000398e+01
1.266082031249999886e+02 -8.565000000000000568e+01
1.266570312499999886e+02 -8.656000000000000227e+01
1.267058593749999886e+02 -8.632999999999999829e+01
1.267546874999999886e+02 -8.462999999999999545e+01
1.268035156249999886e+02 -8.759000000000000341e+01
1.268523437499999886e+02 -9.076999999999999602e+01
1.269011718749999886e+02 -8.665000000000000568e+01
1.269499999999999886e+02 -9.104999999999999716e+01
1.269988281249999886e+02 -9.037000000000000455e+01
1.270476562499999886e+02 -8.643000000000000682e+01
1.270964843749999886e+02 -9.050000000000000000e+01
1.271453124999999886e+02 -8.981000000000000227e+01
1.271941406249999886e+02 -8.814000000000000057e+01
1.272429687499999886e+02 -8.856000000000000227e+01
1.272917968749999886e+02 -8.745000000000000284e+01
1.273406249999999886e+02 -8.632999999999999829e+01
1.273894531249999886e+02 -8.571999999999999886e+01
1.274382812499999886e+02 -8.796999999999999886e+01
1.274871093749999886e+02 -8.712999999999999545e+01
1.275359374999999886e+02 -8.881999999999999318e+01
1.275847656249999886e+02 -8.851999999999999602e+01
1.276335937499999886e+02 -8.885999999999999943e+01
1.276824218749999886e+02 -8.656999999999999318e+01
1.277312499999999886e+02 -8.920000000000000284e+01
1.277800781249999886e+02 -8.684000000000000341e+01
1.278289062499999886e+02 -8.957999999999999829e+01
1.278777343749999886e+02 -8.843000000000000682e+01
1.279265624999999886e+02 -8.592000000000000171e+01
1.279753906249999886e+02 -8.901000000000000512e+01
1.280242187499999886e+02 -8.729999999999999716e+01
1.280730468749999886e+02 -8.410999999999999943e+01
1.281218749999999886e+02 -8.576000000000000512e+01
1.281707031249999886e+02 -8.531000000000000227e+01
1.282195312499999886e+02 -8.671999999999999886e+01
1.282683593749999886e+02 -8.906999999999999318e+01
1.283171874999999886e+02 -8.773999999999999488e+01
1.283660156249999886e+02 -8.806000000000000227e+01
1.284148437499999886e+02 -8.934999999999999432e+01
1.284636718749999886e+02 -8.868999999999999773e+01
1.285124999999999886e+02 -8.590999999999999659e+01
1.285613281249999886e+02 -8.576999999999999602e+01
1.286101562499999886e+02 -8.798999999999999488e+01
1.286589843749999886e+02 -8.959000000000000341e+01
1.287078124999999886e+02 -8.510999999999999943e+01
1.287566406249999886e+02 -8.309999999999999432e+01
1.288054687499999886e+02 -8.676999999999999602e+01
1.288542968749999886e+02 -9.014000000000000057e+01
1.289031249999999886e+02 -8.942000000000000171e+01
1.289519531249999886e+02 -8.590999999999999659e+01
1.290007812499999886e+02 -8.798999999999999488e+01
1.290496093749999886e+02 -8.570000000000000284e+01
1.290984374999999886e+02 -8.721999999999999886e+01
1.291472656249999886e+02 -8.601000000000000512e+01
1.291960937499999886e+02 -8.614000000000000057e+01
1.292449218749999886e+02 -8.754000000000000625e+01
1.292937499999999886e+02 -8.456000000000000227e+01
1.293425781249999886e+02 -9.021999999999999886e+01
1.293914062499999886e+02 -8.873000000000000398e+01
1.294402343749999886e+02 -8.876000000000000512e+01
1.294890624999999886e+02 -8.746999999999999886e+01
1.295378906249999886e+02 -8.345000000000000284e+01
1.295867187499999886e+02 -8.721999999999999886e+01
1.296355468749999886e+02 -8.604000000000000625e+01
1.296843749999999886e+02 -8.770000000000000284e+01
1.297332031249999886e+02 -9.000000000000000000e+01
1.297820312499999886e+02 -8.648000000000000398e+01
1.298308593749999886e+02 -9.140000000000000568e+01
1.298796874999999886e+02 -9.270999999999999375e+01
1.299285156249999886e+02 -8.610999999999999943e+01
1.299773437499999886e+02 -8.754000000000000625e+01
1.300261718749999886e+02 -8.645000000000000284e+01
